# PARAM W1 = 1.000000e-05
# PARAM L1 = 5.000000e-07
# PARAM WB = 2.357200e-06
# PARAM LB = 1.097800e-06
# PARAM VB = 2.897600e+00
# PARAM WD = 8.484500e-06
# PARAM LD = 5.688600e-07
# PARAM VOFFSET = 2.402100e+00
# TEMPERATURE = 2.700000e+01
# FREQ VR(VOUTR,VOUTL) VI(VOUTR,VOUTL)
1.00000000000e+02 3.32353409732e-02 -9.71381969145e-07
1.25892541179e+02 3.32353409566e-02 -1.22289744491e-06
1.58489319246e+02 3.32353409303e-02 -1.53953666819e-06
1.99526231497e+02 3.32353408887e-02 -1.93816183155e-06
2.51188643151e+02 3.32353408226e-02 -2.44000117706e-06
3.16227766017e+02 3.32353407179e-02 -3.07177947693e-06
3.98107170553e+02 3.32353405519e-02 -3.86714122364e-06
5.01187233627e+02 3.32353402889e-02 -4.86844231894e-06
6.30957344480e+02 3.32353398721e-02 -6.12900567435e-06
7.94328234724e+02 3.32353392115e-02 -7.71596083920e-06
1.00000000000e+03 3.32353381644e-02 -9.71381887106e-06
1.25892541179e+03 3.32353365050e-02 -1.22289728122e-05
1.58489319246e+03 3.32353338749e-02 -1.53953634159e-05
1.99526231497e+03 3.32353297065e-02 -1.93816117988e-05
2.51188643151e+03 3.32353231001e-02 -2.43999987682e-05
3.16227766017e+03 3.32353126297e-02 -3.07177688262e-05
3.98107170553e+03 3.32352960352e-02 -3.86713604730e-05
5.01187233627e+03 3.32352697346e-02 -4.86843199079e-05
6.30957344480e+03 3.32352280512e-02 -6.12898506700e-05
7.94328234724e+03 3.32351619876e-02 -7.71591972221e-05
1.00000000000e+04 3.32350572845e-02 -9.71373683214e-05
1.25892541179e+04 3.32348913425e-02 -1.22288091238e-04
1.58489319246e+04 3.32346283456e-02 -1.53950368173e-04
1.99526231497e+04 3.32342115321e-02 -1.93809601572e-04
2.51188643151e+04 3.32335509486e-02 -2.43986985984e-04
3.16227766017e+04 3.32325040481e-02 -3.07151747288e-04
3.98107170553e+04 3.32308449576e-02 -3.86661848291e-04
5.01187233627e+04 3.32282158155e-02 -4.86739939653e-04
6.30957344480e+04 3.32240497575e-02 -6.12692503131e-04
7.94328234724e+04 3.32174491386e-02 -7.71181023484e-04
1.00000000000e+05 3.32069932297e-02 -9.70553993191e-04
1.25892541179e+05 3.31904351984e-02 -1.22124623889e-03
1.58489319246e+05 3.31642262625e-02 -1.53624467889e-03
1.99526231497e+05 3.31227725227e-02 -1.93160165403e-03
2.51188643151e+05 3.30572844867e-02 -2.42693776394e-03
3.16227766017e+05 3.29540213778e-02 -3.04579590701e-03
3.98107170553e+05 3.27916744849e-02 -3.81555242162e-03
5.01187233627e+05 3.25376210279e-02 -4.76630606119e-03
6.30957344480e+05 3.21429338902e-02 -5.92768735374e-03
7.94328234724e+05 3.15366279103e-02 -7.32184961349e-03
1.00000000000e+06 3.06211604496e-02 -8.95027439888e-03
1.25892541179e+06 2.92742548104e-02 -1.07724642943e-02
1.58489319246e+06 2.73662957624e-02 -1.26785103020e-02
1.99526231497e+06 2.48038122336e-02 -1.44679532542e-02
2.51188643151e+06 2.15979052078e-02 -1.58620044965e-02
3.16227766017e+06 1.79247803483e-02 -1.65764628650e-02
3.98107170553e+06 1.41174739282e-02 -1.64414534944e-02
5.01187233627e+06 1.05596226423e-02 -1.54903712002e-02
6.30957344480e+06 7.54275566556e-03 -1.39414703174e-02
7.94328234724e+06 5.18834947972e-03 -1.20889074845e-02
1.00000000000e+07 3.46717178953e-03 -1.01918470242e-02
1.25892541179e+07 2.26810932465e-03 -8.42176568327e-03
1.58489319246e+07 1.46055391329e-03 -6.86409712349e-03
1.99526231497e+07 9.28987055976e-04 -5.54355955560e-03
2.51188643151e+07 5.84342267139e-04 -4.45038149223e-03
3.16227766017e+07 3.63076928667e-04 -3.55901966645e-03
3.98107170553e+07 2.21918287492e-04 -2.83916951698e-03
5.01187233627e+07 1.32227736499e-04 -2.26135950461e-03
6.30957344480e+07 7.53856414526e-05 -1.79934610446e-03
7.94328234724e+07 3.94201535001e-05 -1.43082161123e-03
1.00000000000e+08 1.66872950935e-05 -1.13732031861e-03
1.25892541179e+08 2.32780406805e-06 -9.03796157881e-04
1.58489319246e+08 -6.73881161421e-06 -7.18106666743e-04
1.99526231497e+08 -1.24620052493e-05 -5.70510607207e-04
2.51188643151e+08 -1.60741104018e-05 -4.53221917064e-04
3.16227766017e+08 -1.83535985363e-05 -3.60031644919e-04
3.98107170553e+08 -1.97920191311e-05 -2.85995671437e-04
5.01187233627e+08 -2.06996652003e-05 -2.27180637197e-04
6.30957344480e+08 -2.12723766470e-05 -1.80459102191e-04
7.94328234724e+08 -2.16337432902e-05 -1.43345317658e-04
1.00000000000e+09 -2.18617542685e-05 -1.13864013781e-04
# PARAM W1 = 1.000000e-05
# PARAM L1 = 5.000000e-07
# PARAM WB = 2.199000e-06
# PARAM LB = 8.664000e-07
# PARAM VB = 2.862500e+00
# PARAM WD = 8.484500e-06
# PARAM LD = 5.454900e-07
# PARAM VOFFSET = 2.402100e+00
# TEMPERATURE = 2.700000e+01
# FREQ VR(VOUTR,VOUTL) VI(VOUTR,VOUTL)
1.00000000000e+02 3.25324922480e-02 -9.01483418111e-07
1.25892541179e+02 3.25324922334e-02 -1.13490038286e-06
1.58489319246e+02 3.25324922103e-02 -1.42875493082e-06
1.99526231497e+02 3.25324921736e-02 -1.79869588761e-06
2.51188643151e+02 3.25324921155e-02 -2.26442395696e-06
3.16227766017e+02 3.25324920234e-02 -2.85074085443e-06
3.98107170553e+02 3.25324918773e-02 -3.58887008799e-06
5.01187233627e+02 3.25324916459e-02 -4.51811972128e-06
6.30957344480e+02 3.25324912792e-02 -5.68797566657e-06
7.94328234724e+02 3.25324906979e-02 -7.16073698045e-06
1.00000000000e+03 3.25324897767e-02 -9.01483349676e-06
1.25892541179e+03 3.25324883166e-02 -1.13490024632e-05
1.58489319246e+03 3.25324860025e-02 -1.42875465838e-05
1.99526231497e+03 3.25324823350e-02 -1.79869534402e-05
2.51188643151e+03 3.25324765223e-02 -2.26442287234e-05
3.16227766017e+03 3.25324673098e-02 -2.85073869033e-05
3.98107170553e+03 3.25324527090e-02 -3.58886577003e-05
5.01187233627e+03 3.25324295683e-02 -4.51811110583e-05
6.30957344480e+03 3.25323928929e-02 -5.68795847651e-05
7.94328234724e+03 3.25323347665e-02 -7.16070268185e-05
1.00000000000e+04 3.25322426427e-02 -9.01476506224e-05
1.25892541179e+04 3.25320966375e-02 -1.13488659190e-04
1.58489319246e+04 3.25318652374e-02 -1.42872741443e-04
1.99526231497e+04 3.25314984997e-02 -1.79864098580e-04
2.51188643151e+04 3.25309172766e-02 -2.26431441540e-04
3.16227766017e+04 3.25299961426e-02 -2.85052229646e-04
3.98107170553e+04 3.25285363504e-02 -3.58843402707e-04
5.01187233627e+04 3.25262230038e-02 -4.51724972720e-04
6.30957344480e+04 3.25225572700e-02 -5.68623999569e-04
7.94328234724e+04 3.25167491644e-02 -7.15727447986e-04
1.00000000000e+05 3.25075481827e-02 -9.00792685353e-04
1.25892541179e+05 3.24929762635e-02 -1.13352280719e-03
1.58489319246e+05 3.24699080509e-02 -1.42600825604e-03
1.99526231497e+05 3.24334143702e-02 -1.79322170617e-03
2.51188643151e+05 3.23757434041e-02 -2.25352093725e-03
3.16227766017e+05 3.22847597263e-02 -2.82904756315e-03
3.98107170553e+05 3.21416024452e-02 -3.54577807844e-03
5.01187233627e+05 3.19172941164e-02 -4.43273947544e-03
6.30957344480e+05 3.15681279356e-02 -5.51948202670e-03
7.94328234724e+05 3.10301083712e-02 -6.83027364326e-03
1.00000000000e+06 3.02139572328e-02 -8.37280247284e-03
1.25892541179e+06 2.90048102301e-02 -1.01192101746e-02
1.58489319246e+06 2.72747291554e-02 -1.19800380503e-02
1.99526231497e+06 2.49187205479e-02 -1.37802480013e-02
2.51188643151e+06 2.19175228496e-02 -1.52607518106e-02
3.16227766017e+06 1.84034853586e-02 -1.61349944191e-02
3.98107170553e+06 1.46730932500e-02 -1.62003360153e-02
5.01187233627e+06 1.11032449298e-02 -1.54405974081e-02
6.30957344480e+06 8.01054424293e-03 -1.40349913577e-02
7.94328234724e+06 5.55385028228e-03 -1.22652743482e-02
1.00000000000e+07 3.73341759725e-03 -1.04000569102e-02
1.25892541179e+07 2.45277393462e-03 -8.62841345000e-03
1.58489319246e+07 1.58444757261e-03 -7.05164429818e-03
1.99526231497e+07 1.01029717005e-03 -5.70523627118e-03
2.51188643151e+07 6.36941662732e-04 -4.58550620649e-03
3.16227766017e+07 3.96785372153e-04 -3.66982233527e-03
3.98107170553e+07 2.43387311195e-04 -2.92895830000e-03
5.01187233627e+07 1.45843882186e-04 -2.33358265547e-03
6.30957344480e+07 8.39943228391e-05 -1.85717051411e-03
7.94328234724e+07 4.48481939197e-05 -1.47698267279e-03
1.00000000000e+08 2.01000205373e-05 -1.17410275684e-03
1.25892541179e+08 4.46556905005e-06 -9.33071446870e-04
1.58489319246e+08 -5.40684204825e-06 -7.41389942371e-04
1.99526231497e+08 -1.16389963395e-05 -5.89019760603e-04
2.51188643151e+08 -1.55724483808e-05 -4.67931576453e-04
3.16227766017e+08 -1.80547781079e-05 -3.71719610719e-04
3.98107170553e+08 -1.96212171113e-05 -2.95281591429e-04
5.01187233627e+08 -2.06096508806e-05 -2.34557627312e-04
6.30957344480e+08 -2.12333413132e-05 -1.86319315699e-04
7.94328234724e+08 -2.16268756693e-05 -1.48000482256e-04
1.00000000000e+09 -2.18751839571e-05 -1.17561858511e-04
# PARAM W1 = 9.117400e-06
# PARAM L1 = 5.742000e-07
# PARAM WB = 1.000000e-06
# PARAM LB = 1.168900e-06
# PARAM VB = 2.291600e+00
# PARAM WD = 7.412700e-06
# PARAM LD = 5.000000e-07
# PARAM VOFFSET = 2.390300e+00
# TEMPERATURE = 2.700000e+01
# FREQ VR(VOUTR,VOUTL) VI(VOUTR,VOUTL)
1.00000000000e+02 2.21296153751e-02 -3.91462698281e-06
1.25892541179e+02 2.21296149703e-02 -4.92822329627e-06
1.58489319246e+02 2.21296143288e-02 -6.20426536294e-06
1.99526231497e+02 2.21296133121e-02 -7.81070696829e-06
2.51188643151e+02 2.21296117007e-02 -9.83309677091e-06
3.16227766017e+02 2.21296091468e-02 -1.23791339738e-05
3.98107170553e+02 2.21296050991e-02 -1.55844034870e-05
5.01187233627e+02 2.21295986841e-02 -1.96195958937e-05
6.30957344480e+02 2.21295885169e-02 -2.46995964991e-05
7.94328234724e+02 2.21295724029e-02 -3.10949270662e-05
1.00000000000e+03 2.21295468642e-02 -3.91461487139e-05
1.25892541179e+03 2.21295063880e-02 -4.92819913086e-05
1.58489319246e+03 2.21294422380e-02 -6.20421714673e-05
1.99526231497e+03 2.21293405678e-02 -7.81061076477e-05
2.51188643151e+03 2.21291794334e-02 -9.83290482106e-05
3.16227766017e+03 2.21289240573e-02 -1.23787509880e-04
3.98107170553e+03 2.21285193255e-02 -1.55836393439e-04
5.01187233627e+03 2.21278778992e-02 -1.96180712724e-04
6.30957344480e+03 2.21268613831e-02 -2.46965546206e-04
7.94328234724e+03 2.21252505048e-02 -3.10888581668e-04
1.00000000000e+04 2.21226979149e-02 -3.91340410776e-04
1.25892541179e+04 2.21186535380e-02 -4.92578378560e-04
1.58489319246e+04 2.21122466587e-02 -6.19939930836e-04
1.99526231497e+04 2.21021000339e-02 -7.80100236571e-04
2.51188643151e+04 2.20860377655e-02 -9.81374760724e-04
3.16227766017e+04 2.20606285213e-02 -1.23405717080e-03
3.98107170553e+04 2.20204770468e-02 -1.55076016125e-03
5.01187233627e+04 2.19571395772e-02 -1.94667965292e-03
6.30957344480e+04 2.18574989262e-02 -2.43961044325e-03
7.94328234724e+04 2.17014171400e-02 -3.04937025213e-03
1.00000000000e+05 2.14585562684e-02 -3.79599652951e-03
1.25892541179e+05 2.10845810593e-02 -4.69564681325e-03
1.58489319246e+05 2.05178367462e-02 -5.75267930359e-03
1.99526231497e+05 1.96794281409e-02 -6.94646704875e-03
2.51188643151e+05 1.84823701319e-02 -8.21352594678e-03
3.16227766017e+05 1.68570558603e-02 -9.43161646814e-03
3.98107170553e+05 1.47946746094e-02 -1.04222440005e-02
5.01187233627e+05 1.23912279852e-02 -1.09913658068e-02
6.30957344480e+05 9.85310406161e-03 -1.10062551709e-02
7.94328234724e+05 7.43693847802e-03 -1.04632242468e-02
1.00000000000e+06 5.35370571203e-03 -9.48966062530e-03
1.25892541179e+06 3.70544958710e-03 -8.27851487975e-03
1.58489319246e+06 2.48780623055e-03 -7.01045307315e-03
1.99526231497e+06 1.63310938145e-03 -5.81091379909e-03
2.51188643151e+06 1.05447930716e-03 -4.74607925222e-03
3.16227766017e+06 6.72273672738e-04 -3.83831413868e-03
3.98107170553e+06 4.23902752632e-04 -3.08417240510e-03
5.01187233627e+06 2.64211053772e-04 -2.46786904562e-03
6.30957344480e+06 1.62237745774e-04 -1.96944027042e-03
7.94328234724e+06 9.74061004369e-05 -1.56899892573e-03
1.00000000000e+07 5.63028336163e-05 -1.24862524315e-03
1.25892541179e+07 3.02894215963e-05 -9.92987143629e-04
1.58489319246e+07 1.38444969051e-05 -7.89344668641e-04
1.99526231497e+07 3.45585203038e-06 -6.27293283126e-04
2.51188643151e+07 -3.10396302857e-06 -4.98424491982e-04
3.16227766017e+07 -7.24492822767e-06 -3.95986720922e-04
3.98107170553e+07 -9.85849800759e-06 -3.14580569309e-04
5.01187233627e+07 -1.15078666165e-05 -2.49898844124e-04
6.30957344480e+07 -1.25486743077e-05 -1.98511038860e-04
7.94328234724e+07 -1.32054299143e-05 -1.57687600082e-04
1.00000000000e+08 -1.36198347343e-05 -1.25258057183e-04
1.25892541179e+08 -1.38813144802e-05 -9.94971863515e-05
1.58489319246e+08 -1.40463002237e-05 -7.90340132532e-05
1.99526231497e+08 -1.41504004554e-05 -6.27792433626e-05
2.51188643151e+08 -1.42160837647e-05 -4.98674734750e-05
3.16227766017e+08 -1.42575273317e-05 -3.96112163103e-05
3.98107170553e+08 -1.42836765344e-05 -3.14643446825e-05
5.01187233627e+08 -1.43001755977e-05 -2.49930359903e-05
6.30957344480e+08 -1.43105858155e-05 -1.98526834917e-05
7.94328234724e+08 -1.43171542240e-05 -1.57695517101e-05
1.00000000000e+09 -1.43212986115e-05 -1.25262025166e-05
# PARAM W1 = 9.869700e-06
# PARAM L1 = 5.687100e-07
# PARAM WB = 9.497400e-06
# PARAM LB = 7.257000e-07
# PARAM VB = 2.631900e+00
# PARAM WD = 9.093700e-06
# PARAM LD = 5.000000e-07
# PARAM VOFFSET = 2.499100e+00
# TEMPERATURE = 2.700000e+01
# FREQ VR(VOUTR,VOUTL) VI(VOUTR,VOUTL)
1.00000000000e+02 2.86763770327e-02 -4.10575391207e-07
1.25892541179e+02 2.86763770293e-02 -5.16883793386e-07
1.58489319246e+02 2.86763770238e-02 -6.50718142315e-07
1.99526231497e+02 2.86763770152e-02 -8.19205605029e-07
2.51188643151e+02 2.86763770015e-02 -1.03131875316e-06
3.16227766017e+02 2.86763769799e-02 -1.29835338504e-06
3.98107170553e+02 2.86763769455e-02 -1.63453006796e-06
5.01187233627e+02 2.86763768911e-02 -2.05775143499e-06
6.30957344480e+02 2.86763768048e-02 -2.59055556487e-06
7.94328234724e+02 2.86763766680e-02 -3.26131621574e-06
1.00000000000e+03 2.86763764512e-02 -4.10575382889e-06
1.25892541179e+03 2.86763761077e-02 -5.16883776789e-06
1.58489319246e+03 2.86763755632e-02 -6.50718109199e-06
1.99526231497e+03 2.86763747003e-02 -8.19205538954e-06
2.51188643151e+03 2.86763733327e-02 -1.03131862133e-05
3.16227766017e+03 2.86763711651e-02 -1.29835312199e-05
3.98107170553e+03 2.86763677297e-02 -1.63452954310e-05
5.01187233627e+03 2.86763622850e-02 -2.05775038777e-05
6.30957344480e+03 2.86763536558e-02 -2.59055347540e-05
7.94328234724e+03 2.86763399794e-02 -3.26131204671e-05
1.00000000000e+04 2.86763183037e-02 -4.10574551057e-05
1.25892541179e+04 2.86762839502e-02 -5.16882117069e-05
1.58489319246e+04 2.86762295037e-02 -6.50714797629e-05
1.99526231497e+04 2.86761432123e-02 -8.19198931524e-05
2.51188643151e+04 2.86760064506e-02 -1.03130543783e-04
3.16227766017e+04 2.86757897006e-02 -1.29832681766e-04
3.98107170553e+04 2.86754461818e-02 -1.63447705971e-04
5.01187233627e+04 2.86749017580e-02 -2.05764567164e-04
6.30957344480e+04 2.86740389468e-02 -2.59034454559e-04
7.94328234724e+04 2.86726715894e-02 -3.26089519698e-04
1.00000000000e+05 2.86705047408e-02 -4.10491384944e-04
1.25892541179e+05 2.86670711874e-02 -5.16716198913e-04
1.58489319246e+05 2.86616310550e-02 -6.50383810783e-04
1.99526231497e+05 2.86530132506e-02 -8.18538726328e-04
2.51188643151e+05 2.86393655526e-02 -1.02998878847e-03
3.16227766017e+05 2.86177619976e-02 -1.29570175663e-03
3.98107170553e+05 2.85835892969e-02 -1.62924568608e-03
5.01187233627e+05 2.85295959330e-02 -2.04722760694e-03
6.30957344480e+05 2.84444384580e-02 -2.56962039051e-03
7.94328234724e+05 2.83105085224e-02 -3.21974156358e-03
1.00000000000e+06 2.81008060426e-02 -4.02341541762e-03
1.25892541179e+06 2.77747344741e-02 -5.00645573192e-03
1.58489319246e+06 2.72731537907e-02 -6.18903225513e-03
1.99526231497e+06 2.65142476222e-02 -7.57491319431e-03
2.51188643151e+06 2.53942515744e-02 -9.13379275818e-03
3.16227766017e+06 2.38006803146e-02 -1.07778629988e-02
3.98107170553e+06 2.16473437846e-02 -1.23421713848e-02
5.01187233627e+06 1.89319611591e-02 -1.35910116790e-02
6.30957344480e+06 1.57912868727e-02 -1.42752406019e-02
7.94328234724e+06 1.25020675118e-02 -1.42338283671e-02
1.00000000000e+07 9.39676711569e-03 -1.34770306971e-02
1.25892541179e+07 6.73937846549e-03 -1.21807262185e-02
1.58489319246e+07 4.64985242106e-03 -1.05970975081e-02
1.99526231497e+07 3.11353965644e-03 -8.95581331559e-03
2.51188643151e+07 2.03885124306e-03 -7.41292930035e-03
3.16227766017e+07 1.31300759022e-03 -6.04874880029e-03
3.98107170553e+07 8.34321850109e-04 -4.88874364972e-03
5.01187233627e+07 5.23578033319e-04 -3.92660806770e-03
6.30957344480e+07 3.23917630437e-04 -3.14113579725e-03
7.94328234724e+07 1.96476730936e-04 -2.50630799553e-03
1.00000000000e+08 1.15475802235e-04 -1.99649341578e-03
1.25892541179e+08 6.41301710458e-05 -1.58872210539e-03
1.58489319246e+08 3.16381701131e-05 -1.26339991203e-03
1.99526231497e+08 1.10991060035e-05 -1.00427379780e-03
2.51188643151e+08 -1.87532931265e-06 -7.98084097196e-04
3.16227766017e+08 -1.00676894422e-05 -6.34121826483e-04
3.98107170553e+08 -1.52391279544e-05 -5.03791675524e-04
5.01187233627e+08 -1.85030445497e-05 -4.00221475723e-04
6.30957344480e+08 -2.05628188148e-05 -3.17930038308e-04
7.94328234724e+08 -2.18626006741e-05 -2.52552244526e-04
1.00000000000e+09 -2.26827681688e-05 -2.00615111789e-04
# PARAM W1 = 1.000000e-05
# PARAM L1 = 5.000000e-07
# PARAM WB = 1.000000e-06
# PARAM LB = 1.011700e-06
# PARAM VB = 2.482200e+00
# PARAM WD = 1.000000e-05
# PARAM LD = 5.000000e-07
# PARAM VOFFSET = 2.538500e+00
# TEMPERATURE = 2.700000e+01
# FREQ VR(VOUTR,VOUTL) VI(VOUTR,VOUTL)
1.00000000000e+02 2.32829817500e-02 -1.70229471954e-06
1.25892541179e+02 2.32829816773e-02 -2.14306207410e-06
1.58489319246e+02 2.32829815620e-02 -2.69795529079e-06
1.99526231497e+02 2.32829813793e-02 -3.39652444882e-06
2.51188643151e+02 2.32829810897e-02 -4.27597088726e-06
3.16227766017e+02 2.32829806307e-02 -5.38312830403e-06
3.98107170553e+02 2.32829799033e-02 -6.77695680534e-06
5.01187233627e+02 2.32829787505e-02 -8.53168271475e-06
6.30957344480e+02 2.32829769233e-02 -1.07407513327e-05
7.94328234724e+02 2.32829740275e-02 -1.35218031140e-05
1.00000000000e+03 2.32829694379e-02 -1.70229382005e-05
1.25892541179e+03 2.32829621639e-02 -2.14306027939e-05
1.58489319246e+03 2.32829506354e-02 -2.69795170987e-05
1.99526231497e+03 2.32829323639e-02 -3.39651730395e-05
2.51188643151e+03 2.32829034057e-02 -4.27595663138e-05
3.16227766017e+03 2.32828575102e-02 -5.38309985987e-05
3.98107170553e+03 2.32827847711e-02 -6.77690005195e-05
5.01187233627e+03 2.32826694883e-02 -8.53156947742e-05
6.30957344480e+03 2.32824867796e-02 -1.07405253963e-04
7.94328234724e+03 2.32821972118e-02 -1.35213523173e-04
1.00000000000e+04 2.32817382926e-02 -1.70220387607e-04
1.25892541179e+04 2.32810109916e-02 -2.14288082321e-04
1.58489319246e+04 2.32798583902e-02 -2.69759366561e-04
1.99526231497e+04 2.32780318736e-02 -3.39580296832e-04
2.51188643151e+04 2.32751376266e-02 -4.27453152326e-04
3.16227766017e+04 2.32705520269e-02 -5.38025696071e-04
3.98107170553e+04 2.32632880385e-02 -6.77122950938e-04
5.01187233627e+04 2.32517846703e-02 -8.52026090389e-04
6.30957344480e+04 2.32335763278e-02 -1.07179796584e-03
7.94328234724e+04 2.32047763478e-02 -1.34764239338e-03
1.00000000000e+05 2.31592773120e-02 -1.69325722473e-03
1.25892541179e+05 2.30875302729e-02 -2.12508572161e-03
1.58489319246e+05 2.29747243299e-02 -2.66226286589e-03
1.99526231497e+05 2.27981779137e-02 -3.32585552208e-03
2.51188643151e+05 2.25238574993e-02 -4.13666314053e-03
3.16227766017e+05 2.21023482383e-02 -5.11037031832e-03
3.98107170553e+05 2.14656617797e-02 -6.24839748213e-03
5.01187233627e+05 2.05283828620e-02 -7.52307874091e-03
6.30957344480e+05 1.91995845868e-02 -8.85847279897e-03
7.94328234724e+05 1.74129181197e-02 -1.01153295919e-02
1.00000000000e+06 1.51743562642e-02 -1.10990157765e-02
1.25892541179e+06 1.26050690787e-02 -1.16097692962e-02
1.58489319246e+06 9.93685515470e-03 -1.15263675487e-02
1.99526231497e+06 7.43878584767e-03 -1.08694464411e-02
2.51188643151e+06 5.31700748914e-03 -9.79011957286e-03
3.16227766017e+06 3.65887299804e-03 -8.49429157892e-03
3.98107170553e+06 2.44544100369e-03 -7.16446366802e-03
5.01187233627e+06 1.59947072637e-03 -5.92197851724e-03
6.30957344480e+06 1.02942717996e-03 -4.82765930073e-03
7.94328234724e+06 6.54072312119e-04 -3.89942746949e-03
1.00000000000e+07 4.10654124385e-04 -3.13074420680e-03
1.25892541179e+07 2.54354675311e-04 -2.50383248212e-03
1.58489319246e+07 1.54632505261e-04 -1.99747732973e-03
1.99526231497e+07 9.12664685861e-05 -1.59099968250e-03
2.51188643151e+07 5.11062396845e-05 -1.26596440298e-03
3.16227766017e+07 2.56952047920e-05 -1.00669118558e-03
3.98107170553e+07 9.63330350565e-06 -8.00195480378e-04
5.01187233627e+07 -5.12491094191e-07 -6.35894954915e-04
6.30957344480e+07 -6.91860747860e-06 -5.05248290524e-04
7.94328234724e+07 -1.09624077537e-05 -4.01402665722e-04
1.00000000000e+08 -1.35145958435e-05 -3.18880405003e-04
1.25892541179e+08 -1.51252054395e-05 -2.53313220862e-04
1.58489319246e+08 -1.61415459845e-05 -2.01222621174e-04
1.99526231497e+08 -1.67828591418e-05 -1.59841209004e-04
2.51188643151e+08 -1.71875185542e-05 -1.26968590477e-04
3.16227766017e+08 -1.74428486148e-05 -1.00855841535e-04
3.98107170553e+08 -1.76039538710e-05 -8.01131964880e-05
5.01187233627e+08 -1.77056055620e-05 -6.36364515651e-05
6.30957344480e+08 -1.77697438994e-05 -5.05483693768e-05
7.94328234724e+08 -1.78102126361e-05 -4.01520667512e-05
1.00000000000e+09 -1.78357467551e-05 -3.18939552539e-05
# PARAM W1 = 1.000000e-05
# PARAM L1 = 5.000000e-07
# PARAM WB = 9.746900e-06
# PARAM LB = 7.377700e-07
# PARAM VB = 2.621000e+00
# PARAM WD = 7.237400e-06
# PARAM LD = 5.195300e-07
# PARAM VOFFSET = 2.532700e+00
# TEMPERATURE = 2.700000e+01
# FREQ VR(VOUTR,VOUTL) VI(VOUTR,VOUTL)
1.00000000000e+02 3.49138554731e-02 -5.50358619114e-07
1.25892541179e+02 3.49138554680e-02 -6.92860451102e-07
1.58489319246e+02 3.49138554600e-02 -8.72259628519e-07
1.99526231497e+02 3.49138554472e-02 -1.09810981162e-06
2.51188643151e+02 3.49138554270e-02 -1.38243834599e-06
3.16227766017e+02 3.49138553950e-02 -1.74038676242e-06
3.98107170553e+02 3.49138553443e-02 -2.19101711838e-06
5.01187233627e+02 3.49138552640e-02 -2.75832712166e-06
6.30957344480e+02 3.49138551366e-02 -3.47252809483e-06
7.94328234724e+02 3.49138549347e-02 -4.37165383650e-06
1.00000000000e+03 3.49138546148e-02 -5.50358605593e-06
1.25892541179e+03 3.49138541077e-02 -6.92860424124e-06
1.58489319246e+03 3.49138533040e-02 -8.72259574691e-06
1.99526231497e+03 3.49138520302e-02 -1.09810970422e-05
2.51188643151e+03 3.49138500115e-02 -1.38243813170e-05
3.16227766017e+03 3.49138468119e-02 -1.74038633485e-05
3.98107170553e+03 3.49138417410e-02 -2.19101626526e-05
5.01187233627e+03 3.49138337042e-02 -2.75832541946e-05
6.30957344480e+03 3.49138209666e-02 -3.47252469851e-05
7.94328234724e+03 3.49138007790e-02 -4.37164705995e-05
1.00000000000e+04 3.49137687838e-02 -5.50357253495e-05
1.25892541179e+04 3.49137180750e-02 -6.92857726339e-05
1.58489319246e+04 3.49136377072e-02 -8.72254191914e-05
1.99526231497e+04 3.49135103336e-02 -1.09809896421e-04
2.51188643151e+04 3.49133084620e-02 -1.38241670269e-04
3.16227766017e+04 3.49129885218e-02 -1.74034357874e-04
3.98107170553e+04 3.49124814627e-02 -2.19093095685e-04
5.01187233627e+04 3.49116778584e-02 -2.75815521077e-04
6.30957344480e+04 3.49104043072e-02 -3.47218510003e-04
7.94328234724e+04 3.49083860547e-02 -4.37096951142e-04
1.00000000000e+05 3.49051878177e-02 -5.50222077293e-04
1.25892541179e+05 3.49001201532e-02 -6.92588053879e-04
1.58489319246e+05 3.48920914576e-02 -8.71716249556e-04
1.99526231497e+05 3.48793743917e-02 -1.09702602295e-03
2.51188643151e+05 3.48592381656e-02 -1.38027715088e-03
3.16227766017e+05 3.48273719477e-02 -1.73607855058e-03
3.98107170553e+05 3.47769864853e-02 -2.18243353355e-03
5.01187233627e+05 3.46974286604e-02 -2.74123977222e-03
6.30957344480e+05 3.45720804440e-02 -3.43855743692e-03
7.94328234724e+05 3.43752603029e-02 -4.30425908485e-03
1.00000000000e+06 3.40678678364e-02 -5.37031751822e-03
1.25892541179e+06 3.35917801308e-02 -6.66641201349e-03
1.58489319246e+06 3.28638804806e-02 -8.21078174794e-03
1.99526231497e+06 3.17726686314e-02 -9.99377837045e-03
2.51188643151e+06 3.01841373693e-02 -1.19528426153e-02
3.16227766017e+06 2.79677672163e-02 -1.39436425488e-02
3.98107170553e+06 2.50518777906e-02 -1.57253369166e-02
5.01187233627e+06 2.14985939933e-02 -1.69916316816e-02
6.30957344480e+06 1.75515346391e-02 -1.74680216144e-02
7.94328234724e+06 1.35936190090e-02 -1.70383666875e-02
1.00000000000e+07 1.00118933015e-02 -1.58077301089e-02
1.25892541179e+07 7.05935392675e-03 -1.40453101758e-02
1.58489319246e+07 4.80705105688e-03 -1.20587031607e-02
1.99526231497e+07 3.18845486697e-03 -1.00935295341e-02
2.51188643151e+07 2.07449765836e-03 -8.29909238395e-03
3.16227766017e+07 1.33047562815e-03 -6.74155908136e-03
3.98107170553e+07 8.43431084241e-04 -5.43267201897e-03
5.01187233627e+07 5.28790945681e-04 -4.35517676973e-03
6.30957344480e+07 3.27258761694e-04 -3.47971578540e-03
7.94328234724e+07 1.98880519783e-04 -2.77429602483e-03
1.00000000000e+08 1.17387811143e-04 -2.20887480954e-03
1.25892541179e+08 6.57722334708e-05 -1.75717428398e-03
1.58489319246e+08 3.31261422140e-05 -1.39708072368e-03
1.99526231497e+08 1.24963604267e-05 -1.11039700758e-03
2.51188643151e+08 -5.32712449900e-07 -8.82348962824e-04
3.16227766017e+08 -8.75850811987e-06 -7.01039819442e-04
3.98107170553e+08 -1.39506289247e-05 -5.56938512792e-04
5.01187233627e+08 -1.72274301292e-05 -4.42433489342e-04
6.30957344480e+08 -1.92952682869e-05 -3.51458216842e-04
7.94328234724e+08 -2.06001119334e-05 -2.79183612805e-04
1.00000000000e+09 -2.14234627727e-05 -2.21768652943e-04
# PARAM W1 = 1.000000e-05
# PARAM L1 = 5.000000e-07
# PARAM WB = 6.424500e-06
# PARAM LB = 5.335500e-07
# PARAM VB = 2.872200e+00
# PARAM WD = 9.326400e-06
# PARAM LD = 5.165700e-07
# PARAM VOFFSET = 2.354800e+00
# TEMPERATURE = 2.700000e+01
# FREQ VR(VOUTR,VOUTL) VI(VOUTR,VOUTL)
1.00000000000e+02 3.14468408409e-02 -4.90554462884e-07
1.25892541179e+02 3.14468408364e-02 -6.17571479105e-07
1.58489319246e+02 3.14468408293e-02 -7.77476428470e-07
1.99526231497e+02 3.14468408181e-02 -9.78784832522e-07
2.51188643151e+02 3.14468408003e-02 -1.23221709764e-06
3.16227766017e+02 3.14468407721e-02 -1.55126941568e-06
3.98107170553e+02 3.14468407274e-02 -1.95293248516e-06
5.01187233627e+02 3.14468406565e-02 -2.45859632755e-06
6.30957344480e+02 3.14468405441e-02 -3.09518938305e-06
7.94328234724e+02 3.14468403661e-02 -3.89661254659e-06
1.00000000000e+03 3.14468400839e-02 -4.90554451083e-06
1.25892541179e+03 3.14468396366e-02 -6.17571455559e-06
1.58489319246e+03 3.14468389277e-02 -7.77476381490e-06
1.99526231497e+03 3.14468378043e-02 -9.78784738784e-06
2.51188643151e+03 3.14468360237e-02 -1.23221691061e-05
3.16227766017e+03 3.14468332017e-02 -1.55126904250e-05
3.98107170553e+03 3.14468287291e-02 -1.95293174058e-05
5.01187233627e+03 3.14468216405e-02 -2.45859484191e-05
6.30957344480e+03 3.14468104059e-02 -3.09518641880e-05
7.94328234724e+03 3.14467926002e-02 -3.89660663214e-05
1.00000000000e+04 3.14467643801e-02 -4.90553270996e-05
1.25892541179e+04 3.14467196543e-02 -6.17569100980e-05
1.58489319246e+04 3.14466487691e-02 -7.77471683497e-05
1.99526231497e+04 3.14465364242e-02 -9.78775365091e-05
2.51188643151e+04 3.14463583713e-02 -1.23219820774e-04
3.16227766017e+04 3.14460761805e-02 -1.55123172571e-04
3.98107170553e+04 3.14456289485e-02 -1.95285728485e-04
5.01187233627e+04 3.14449201597e-02 -2.45844628658e-04
6.30957344480e+04 3.14437968705e-02 -3.09489002264e-04
7.94328234724e+04 3.14420167414e-02 -3.89601527784e-04
1.00000000000e+05 3.14391958395e-02 -4.90435290985e-04
1.25892541179e+05 3.14347260471e-02 -6.17333733688e-04
1.58489319246e+05 3.14276445046e-02 -7.77002170784e-04
1.99526231497e+05 3.14164275447e-02 -9.77838901527e-04
2.51188643151e+05 3.13986662416e-02 -1.23033078344e-03
3.16227766017e+05 3.13705575439e-02 -1.54750909093e-03
3.98107170553e+05 3.13261111289e-02 -1.94544027336e-03
5.01187233627e+05 3.12559255290e-02 -2.44368086824e-03
6.30957344480e+05 3.11453303230e-02 -3.06553435569e-03
7.94328234724e+05 3.09716418231e-02 -3.83777271916e-03
1.00000000000e+06 3.07002946758e-02 -4.78917143359e-03
1.25892541179e+06 3.02798374211e-02 -5.94669742420e-03
1.58489319246e+06 2.96365305293e-02 -7.32751535249e-03
1.99526231497e+06 2.86710864990e-02 -8.92451736769e-03
2.51188643151e+06 2.72633913933e-02 -1.06841071828e-02
3.16227766017e+06 2.52948586579e-02 -1.24801205273e-02
3.98107170553e+06 2.26970616800e-02 -1.40994055384e-02
5.01187233627e+06 1.95191032295e-02 -1.52672840987e-02
6.30957344480e+06 1.59730225170e-02 -1.57326254629e-02
7.94328234724e+06 1.24002254261e-02 -1.53823087055e-02
1.00000000000e+07 9.15227074562e-03 -1.43021988675e-02
1.25892541179e+07 6.46427075757e-03 -1.27303640859e-02
1.58489319246e+07 4.40729305381e-03 -1.09446816652e-02
1.99526231497e+07 2.92559049631e-03 -9.17006197463e-03
2.51188643151e+07 1.90415344960e-03 -7.54490384101e-03
3.16227766017e+07 1.22115581915e-03 -6.13168537389e-03
3.98107170553e+07 7.73723747837e-04 -4.94267008113e-03
5.01187233627e+07 4.84533075190e-04 -3.96311827294e-03
6.30957344480e+07 2.99243527889e-04 -3.16685560225e-03
7.94328234724e+07 1.81188335375e-04 -2.52505711996e-03
1.00000000000e+08 1.06238984700e-04 -2.01053224356e-03
1.25892541179e+08 5.87639724498e-05 -1.59944171130e-03
1.58489319246e+08 2.87351882441e-05 -1.27169717328e-03
1.99526231497e+08 9.75872511461e-06 -1.01075509598e-03
2.51188643151e+08 -2.22641303563e-06 -8.03177399448e-04
3.16227766017e+08 -9.79322714902e-06 -6.38139988842e-04
3.98107170553e+08 -1.45694379040e-05 -5.06969574766e-04
5.01187233627e+08 -1.75837695024e-05 -4.02738830271e-04
6.30957344480e+08 -1.94859813795e-05 -3.19926164377e-04
7.94328234724e+08 -2.06863142811e-05 -2.54136079445e-04
1.00000000000e+09 -2.14437202617e-05 -2.01872322204e-04
# PARAM W1 = 1.000000e-05
# PARAM L1 = 5.827700e-07
# PARAM WB = 1.290900e-06
# PARAM LB = 6.428700e-07
# PARAM VB = 2.502300e+00
# PARAM WD = 1.000000e-05
# PARAM LD = 6.229800e-07
# PARAM VOFFSET = 2.154400e+00
# TEMPERATURE = 2.700000e+01
# FREQ VR(VOUTR,VOUTL) VI(VOUTR,VOUTL)
1.00000000000e+02 2.55706037781e-02 -1.61601611966e-06
1.25892541179e+02 2.55706037184e-02 -2.03444375416e-06
1.58489319246e+02 2.55706036238e-02 -2.56121293151e-06
1.99526231497e+02 2.55706034739e-02 -3.22437602560e-06
2.51188643151e+02 2.55706032363e-02 -4.05924887812e-06
3.16227766017e+02 2.55706028597e-02 -5.11029149027e-06
3.98107170553e+02 2.55706022628e-02 -6.43347566873e-06
5.01187233627e+02 2.55706013169e-02 -8.09926570615e-06
6.30957344480e+02 2.55705998176e-02 -1.01963708170e-05
7.94328234724e+02 2.55705974415e-02 -1.28364691378e-05
1.00000000000e+03 2.55705936756e-02 -1.61601548173e-05
1.25892541179e+03 2.55705877071e-02 -2.03444248133e-05
1.58489319246e+03 2.55705782476e-02 -2.56121039187e-05
1.99526231497e+03 2.55705632554e-02 -3.22437095837e-05
2.51188643151e+03 2.55705394943e-02 -4.05923876767e-05
3.16227766017e+03 2.55705018357e-02 -5.11027131729e-05
3.98107170553e+03 2.55704421510e-02 -6.43343541845e-05
5.01187233627e+03 2.55703475576e-02 -8.09918539658e-05
6.30957344480e+03 2.55701976387e-02 -1.01962105793e-04
7.94328234724e+03 2.55699600368e-02 -1.28361494245e-04
1.00000000000e+04 2.55695834723e-02 -1.61595169149e-04
1.25892541179e+04 2.55689866803e-02 -2.03431520606e-04
1.58489319246e+04 2.55680408859e-02 -2.56095645381e-04
1.99526231497e+04 2.55665420460e-02 -3.22386431529e-04
2.51188643151e+04 2.55641669045e-02 -4.05822797660e-04
3.16227766017e+04 2.55604034618e-02 -5.10825482358e-04
3.98107170553e+04 2.55544410746e-02 -6.42941293168e-04
5.01187233627e+04 2.55449970188e-02 -8.09116247362e-04
6.30957344480e+04 2.55300434774e-02 -1.01802122001e-03
7.94328234724e+04 2.55063795098e-02 -1.28042583207e-03
1.00000000000e+05 2.54689643026e-02 -1.60959799951e-03
1.25892541179e+05 2.54098893369e-02 -2.02166759925e-03
1.58489319246e+05 2.53168206630e-02 -2.53581444211e-03
1.99526231497e+05 2.51707040658e-02 -3.17399161427e-03
2.51188643151e+05 2.49425455924e-02 -3.95962924612e-03
3.16227766017e+05 2.45892845407e-02 -4.91433694857e-03
3.98107170553e+05 2.40494340316e-02 -6.05107145043e-03
5.01187233627e+05 2.32407129960e-02 -7.36190408066e-03
6.30957344480e+05 2.20646636736e-02 -8.79952191989e-03
7.94328234724e+05 2.04262653547e-02 -1.02561440571e-02
1.00000000000e+06 1.82751246792e-02 -1.15533623962e-02
1.25892541179e+06 1.56604335661e-02 -1.24662459437e-02
1.58489319246e+06 1.27645431450e-02 -1.27958791485e-02
1.99526231497e+06 9.86969489847e-03 -1.24617595849e-02
2.51188643151e+06 7.25773411709e-03 -1.15454530437e-02
3.16227766017e+06 5.11011167945e-03 -1.02463845122e-02
3.98107170553e+06 3.47516270452e-03 -8.78935993973e-03
5.01187233627e+06 2.30199941787e-03 -7.35232861382e-03
6.30957344480e+06 1.49546176791e-03 -6.04259423321e-03
7.94328234724e+06 9.57158877252e-04 -4.90712336374e-03
1.00000000000e+07 6.04949588821e-04 -3.95364366808e-03
1.25892541179e+07 3.77486828157e-04 -3.16910389333e-03
1.58489319246e+07 2.31822544601e-04 -2.53186354842e-03
1.99526231497e+07 1.39044725540e-04 -2.01849444782e-03
2.51188643151e+07 8.01554908249e-05 -1.60705983688e-03
3.16227766017e+07 4.28583632836e-05 -1.27840080155e-03
3.98107170553e+07 1.92692562879e-05 -1.01640820459e-03
5.01187233627e+07 4.36309166060e-06 -8.07832734455e-04
6.30957344480e+07 -5.05101440255e-06 -6.41920633556e-04
7.94328234724e+07 -1.09944818467e-05 -5.10014177167e-04
1.00000000000e+08 -1.47459778230e-05 -4.05178070966e-04
1.25892541179e+08 -1.71135779545e-05 -3.21874164481e-04
1.58489319246e+08 -1.86076581186e-05 -2.55688665799e-04
1.99526231497e+08 -1.95504487504e-05 -2.03108209441e-04
2.51188643151e+08 -2.01453451697e-05 -1.61338336022e-04
3.16227766017e+08 -2.05207136665e-05 -1.28157475449e-04
3.98107170553e+08 -2.07575608425e-05 -1.01800043396e-04
5.01187233627e+08 -2.09070035634e-05 -8.08631209690e-05
6.30957344480e+08 -2.10012964438e-05 -6.42320967983e-05
7.94328234724e+08 -2.10607915868e-05 -5.10214866765e-05
1.00000000000e+09 -2.10983306265e-05 -4.05278668928e-05
# PARAM W1 = 9.974700e-06
# PARAM L1 = 5.000000e-07
# PARAM WB = 1.314200e-06
# PARAM LB = 1.056000e-06
# PARAM VB = 2.488100e+00
# PARAM WD = 1.000000e-05
# PARAM LD = 8.225600e-07
# PARAM VOFFSET = 2.176400e+00
# TEMPERATURE = 2.700000e+01
# FREQ VR(VOUTR,VOUTL) VI(VOUTR,VOUTL)
1.00000000000e+02 2.84159611328e-02 -2.34412334152e-06
1.25892541179e+02 2.84159610198e-02 -2.95107643129e-06
1.58489319246e+02 2.84159608406e-02 -3.71518508809e-06
1.99526231497e+02 2.84159605567e-02 -4.67714087021e-06
2.51188643151e+02 2.84159601067e-02 -5.88817140286e-06
3.16227766017e+02 2.84159593935e-02 -7.41276842214e-06
3.98107170553e+02 2.84159582632e-02 -9.33212216740e-06
5.01187233627e+02 2.84159564718e-02 -1.17484450023e-05
6.30957344480e+02 2.84159536326e-02 -1.47904144856e-05
7.94328234724e+02 2.84159491327e-02 -1.86200257002e-05
1.00000000000e+03 2.84159420009e-02 -2.34412176428e-05
1.25892541179e+03 2.84159306978e-02 -2.95107328427e-05
1.58489319246e+03 2.84159127836e-02 -3.71517880898e-05
1.99526231497e+03 2.84158843916e-02 -4.67712834175e-05
2.51188643151e+03 2.84158393934e-02 -5.88814640535e-05
3.16227766017e+03 2.84157680762e-02 -7.41271854566e-05
3.98107170553e+03 2.84156550470e-02 -9.33202265115e-05
5.01187233627e+03 2.84154759095e-02 -1.17482464426e-04
6.30957344480e+03 2.84151920003e-02 -1.47900183108e-04
7.94328234724e+03 2.84147420462e-02 -1.86192352401e-04
1.00000000000e+04 2.84140289462e-02 -2.34396405075e-04
1.25892541179e+04 2.84128988322e-02 -2.95075861706e-04
1.58489319246e+04 2.84111079061e-02 -3.71455100528e-04
1.99526231497e+04 2.84082699417e-02 -4.67587583499e-04
2.51188643151e+04 2.84037732316e-02 -5.88564772509e-04
3.16227766017e+04 2.83966493399e-02 -7.40773428522e-04
3.98107170553e+04 2.83853660447e-02 -9.32208173269e-04
5.01187233627e+04 2.83675015711e-02 -1.17284243026e-03
6.30957344480e+04 2.83392342738e-02 -1.47505077220e-03
7.94328234724e+04 2.82945487672e-02 -1.85405267235e-03
1.00000000000e+05 2.82240147699e-02 -2.32829915360e-03
1.25892541179e+05 2.81129429648e-02 -2.91962719884e-03
1.58489319246e+05 2.79386845193e-02 -3.65282432326e-03
1.99526231497e+05 2.76668827626e-02 -4.55392448403e-03
2.51188643151e+05 2.72467675260e-02 -5.64605311446e-03
3.16227766017e+05 2.66064340713e-02 -6.94102461323e-03
3.98107170553e+05 2.56509730212e-02 -8.42464781009e-03
5.01187233627e+05 2.42695807584e-02 -1.00352365974e-02
6.30957344480e+05 2.23608424218e-02 -1.16407545344e-02
7.94328234724e+05 1.98821690343e-02 -1.30316835026e-02
1.00000000000e+06 1.69104979123e-02 -1.39560517581e-02
1.25892541179e+06 1.36707647395e-02 -1.42072172889e-02
1.58489319246e+06 1.04850446031e-02 -1.37233755800e-02
1.99526231497e+06 7.65491524882e-03 -1.26214045714e-02
2.51188643151e+06 5.35870635677e-03 -1.11343804791e-02
3.16227766017e+06 3.62894403978e-03 -9.50785884103e-03
3.98107170553e+06 2.39736379803e-03 -7.92761113328e-03
5.01187233627e+06 1.55527968731e-03 -6.50092993189e-03
6.30957344480e+06 9.95329956938e-04 -5.27152057613e-03
7.94328234724e+06 6.29853226254e-04 -4.24312842574e-03
1.00000000000e+07 3.94197635619e-04 -3.39902158091e-03
1.25892541179e+07 2.43441247667e-04 -2.71446441545e-03
1.58489319246e+07 1.47482915775e-04 -2.16351987070e-03
1.99526231497e+07 8.66002341960e-05 -1.72224620214e-03
2.51188643151e+07 4.80507395224e-05 -1.36989034596e-03
3.16227766017e+07 2.36736250619e-05 -1.08907764301e-03
3.98107170553e+07 8.27113738239e-06 -8.65554420326e-04
5.01187233627e+07 -1.45577681141e-06 -6.87769729435e-04
6.30957344480e+07 -7.59647283905e-06 -5.46432967814e-04
7.94328234724e+07 -1.14723557888e-05 -4.34106322098e-04
1.00000000000e+08 -1.39184165321e-05 -3.44852579071e-04
1.25892541179e+08 -1.54619931254e-05 -2.73941012965e-04
1.58489319246e+08 -1.64360103596e-05 -2.17606535860e-04
1.99526231497e+08 -1.70506080262e-05 -1.72854751860e-04
2.51188643151e+08 -1.74384066093e-05 -1.37305282593e-04
3.16227766017e+08 -1.76830964165e-05 -1.09066401327e-04
3.98107170553e+08 -1.78374874144e-05 -8.66349924481e-05
5.01187233627e+08 -1.79349024111e-05 -6.88168563844e-05
6.30957344480e+08 -1.79963674622e-05 -5.46632902155e-05
7.94328234724e+08 -1.80351494244e-05 -4.34206540438e-05
1.00000000000e+09 -1.80596192427e-05 -3.44902811589e-05
# PARAM W1 = 1.000000e-05
# PARAM L1 = 5.012500e-07
# PARAM WB = 1.521800e-06
# PARAM LB = 1.551900e-06
# PARAM VB = 2.577000e+00
# PARAM WD = 4.656300e-06
# PARAM LD = 5.515500e-07
# PARAM VOFFSET = 2.151900e+00
# TEMPERATURE = 2.700000e+01
# FREQ VR(VOUTR,VOUTL) VI(VOUTR,VOUTL)
1.00000000000e+02 3.13365700739e-02 -2.80888227862e-06
1.25892541179e+02 3.13365699267e-02 -3.53617326269e-06
1.58489319246e+02 3.13365696934e-02 -4.45177834779e-06
1.99526231497e+02 3.13365693237e-02 -5.60445682363e-06
2.51188643151e+02 3.13365687378e-02 -7.05559298272e-06
3.16227766017e+02 3.13365678092e-02 -8.88246503816e-06
3.98107170553e+02 3.13365663374e-02 -1.11823604310e-05
5.01187233627e+02 3.13365640048e-02 -1.40777566632e-05
6.30957344480e+02 3.13365603079e-02 -1.77228435147e-05
7.94328234724e+02 3.13365544488e-02 -2.23117339006e-05
1.00000000000e+03 3.13365451626e-02 -2.80888004698e-05
1.25892541179e+03 3.13365304450e-02 -3.53616881000e-05
1.58489319246e+03 3.13365071192e-02 -4.45176946350e-05
1.99526231497e+03 3.13364701504e-02 -5.60443909717e-05
2.51188643151e+03 3.13364115590e-02 -7.05555761385e-05
3.16227766017e+03 3.13363186984e-02 -8.88239446820e-05
3.98107170553e+03 3.13361715253e-02 -1.11822196261e-04
5.01187233627e+03 3.13359382745e-02 -1.40774757225e-04
6.30957344480e+03 3.13355686040e-02 -1.77222829711e-04
7.94328234724e+03 3.13349827335e-02 -2.23106154902e-04
1.00000000000e+04 3.13340542363e-02 -2.80865690144e-04
1.25892541179e+04 3.13325827800e-02 -3.53572359721e-04
1.58489319246e+04 3.13302509619e-02 -4.45088121393e-04
1.99526231497e+04 3.13265559896e-02 -5.60266701726e-04
2.51188643151e+04 3.13207016371e-02 -7.05202251658e-04
3.16227766017e+04 3.13114275919e-02 -8.87534313000e-04
3.98107170553e+04 3.12967404588e-02 -1.11681570183e-03
5.01187233627e+04 3.12734911077e-02 -1.40494381713e-03
6.30957344480e+04 3.12367140012e-02 -1.76664071090e-03
7.94328234724e+04 3.11786029647e-02 -2.21993378497e-03
1.00000000000e+05 3.10869445062e-02 -2.78651998183e-03
1.25892541179e+05 3.09427737786e-02 -3.49176141873e-03
1.58489319246e+05 3.07169961603e-02 -4.36381126319e-03
1.99526231497e+05 3.03658307652e-02 -5.43094478118e-03
2.51188643151e+05 2.98254159526e-02 -6.71554851197e-03
3.16227766017e+05 2.90072141958e-02 -8.22258838321e-03
3.98107170553e+05 2.77985236151e-02 -9.92056074712e-03
5.01187233627e+05 2.60763131536e-02 -1.17160073549e-02
6.30957344480e+05 2.37445841926e-02 -1.34316097374e-02
7.94328234724e+05 2.07967382671e-02 -1.48117491874e-02
1.00000000000e+06 1.73767021581e-02 -1.55831042277e-02
1.25892541179e+06 1.37827879011e-02 -1.55647937270e-02
1.58489319246e+06 1.03783932453e-02 -1.47613529316e-02
1.99526231497e+06 7.45618992711e-03 -1.33602289024e-02
2.51188643151e+06 5.15267413159e-03 -1.16360861785e-02
3.16227766017e+06 3.45577880712e-03 -9.84187301962e-03
3.98107170553e+06 2.26711888781e-03 -8.15097375697e-03
5.01187233627e+06 1.46353376027e-03 -6.65352861426e-03
6.30957344480e+06 9.33240378970e-04 -5.37890422096e-03
7.94328234724e+06 5.88851004053e-04 -4.32101293599e-03
1.00000000000e+07 3.67512698077e-04 -3.45701010248e-03
1.25892541179e+07 2.26210568556e-04 -2.75852987511e-03
1.58489319246e+07 1.36389580784e-04 -2.19750447636e-03
1.99526231497e+07 7.94490158432e-05 -1.74872547489e-03
2.51188643151e+07 4.34148876582e-05 -1.39066337101e-03
3.16227766017e+07 2.06361101336e-05 -1.10544726765e-03
3.98107170553e+07 6.24660236762e-06 -8.78491453518e-04
5.01187233627e+07 -2.83936928921e-06 -6.98012934517e-04
6.30957344480e+07 -8.57494190193e-06 -5.54552854842e-04
7.94328234724e+07 -1.21949238944e-05 -4.40547862278e-04
1.00000000000e+08 -1.44794083654e-05 -3.49965106970e-04
1.25892541179e+08 -1.59209919449e-05 -2.77999948037e-04
1.58489319246e+08 -1.68306379075e-05 -2.20829614835e-04
1.99526231497e+08 -1.74046128680e-05 -1.75414409314e-04
2.51188643151e+08 -1.77667773980e-05 -1.39338227549e-04
3.16227766017e+08 -1.79952920730e-05 -1.10681094972e-04
3.98107170553e+08 -1.81394767994e-05 -8.79175230753e-05
5.01187233627e+08 -1.82304518938e-05 -6.98355735318e-05
6.30957344480e+08 -1.82878535694e-05 -5.54724693985e-05
7.94328234724e+08 -1.83240716864e-05 -4.40633995908e-05
1.00000000000e+09 -1.83469238163e-05 -3.50008279223e-05
# PARAM W1 = 1.000000e-05
# PARAM L1 = 5.293700e-07
# PARAM WB = 6.006200e-06
# PARAM LB = 1.547300e-06
# PARAM VB = 2.578500e+00
# PARAM WD = 6.996100e-06
# PARAM LD = 6.704900e-07
# PARAM VOFFSET = 2.619900e+00
# TEMPERATURE = 2.700000e+01
# FREQ VR(VOUTR,VOUTL) VI(VOUTR,VOUTL)
1.00000000000e+02 4.15119090486e-02 -1.19024815890e-06
1.25892541179e+02 4.15119090287e-02 -1.49843365286e-06
1.58489319246e+02 4.15119089971e-02 -1.88641620204e-06
1.99526231497e+02 4.15119089470e-02 -2.37485729110e-06
2.51188643151e+02 4.15119088675e-02 -2.98976818744e-06
3.16227766017e+02 4.15119087417e-02 -3.76389513513e-06
3.98107170553e+02 4.15119085422e-02 -4.73846321019e-06
5.01187233627e+02 4.15119082260e-02 -5.96537170275e-06
6.30957344480e+02 4.15119077249e-02 -7.50995793678e-06
7.94328234724e+02 4.15119069307e-02 -9.45447670734e-06
1.00000000000e+03 4.15119056719e-02 -1.19024806214e-05
1.25892541179e+03 4.15119036770e-02 -1.49843345979e-05
1.58489319246e+03 4.15119005152e-02 -1.88641581682e-05
1.99526231497e+03 4.15118955040e-02 -2.37485652248e-05
2.51188643151e+03 4.15118875620e-02 -2.98976665383e-05
3.16227766017e+03 4.15118749746e-02 -3.76389207519e-05
3.98107170553e+03 4.15118550250e-02 -4.73845710479e-05
5.01187233627e+03 4.15118234071e-02 -5.96535952089e-05
6.30957344480e+03 4.15117732961e-02 -7.50993363081e-05
7.94328234724e+03 4.15116938759e-02 -9.45442821063e-05
1.00000000000e+04 4.15115680038e-02 -1.19023838580e-04
1.25892541179e+04 4.15113685117e-02 -1.49841415306e-04
1.58489319246e+04 4.15110523419e-02 -1.88637729511e-04
1.99526231497e+04 4.15105512564e-02 -2.37477966251e-04
2.51188643151e+04 4.15097571142e-02 -2.98961330100e-04
3.16227766017e+04 4.15084985458e-02 -3.76358610543e-04
3.98107170553e+04 4.15065040055e-02 -4.73784664447e-04
5.01187233627e+04 4.15033432646e-02 -5.96414158605e-04
6.30957344480e+04 4.14983348132e-02 -7.50750382734e-04
7.94328234724e+04 4.14903994270e-02 -9.44958105115e-04
1.00000000000e+05 4.14778288985e-02 -1.18927154612e-03
1.25892541179e+05 4.14579215401e-02 -1.49648598889e-03
1.58489319246e+05 4.14264095945e-02 -1.88253305366e-03
1.99526231497e+05 4.13765644796e-02 -2.36711870868e-03
2.51188643151e+05 4.12978103940e-02 -2.97435705771e-03
3.16227766017e+05 4.11736054824e-02 -3.73323831632e-03
3.98107170553e+05 4.09782762062e-02 -4.67758483633e-03
5.01187233627e+05 4.06724660000e-02 -5.84480934941e-03
6.30957344480e+05 4.01970245972e-02 -7.27221476205e-03
7.94328234724e+05 3.94658426128e-02 -8.98874030210e-03
1.00000000000e+06 3.83599284438e-02 -1.09992389278e-02
1.25892541179e+06 3.67286642990e-02 -1.32587231195e-02
1.58489319246e+06 3.44093817280e-02 -1.56383889277e-02
1.99526231497e+06 3.12786585912e-02 -1.78975135470e-02
2.51188643151e+06 2.73360818013e-02 -1.96937086176e-02
3.16227766017e+06 2.27833658688e-02 -2.06672690022e-02
3.98107170553e+06 1.80237607755e-02 -2.05886502103e-02
5.01187233627e+06 1.35381971478e-02 -1.94773197150e-02
6.30957344480e+06 9.70571695405e-03 -1.75910098924e-02
7.94328234724e+06 6.69613725868e-03 -1.52951986628e-02
1.00000000000e+07 4.48556344509e-03 -1.29208161134e-02
1.25892541179e+07 2.94032142670e-03 -1.06916962049e-02
1.58489319246e+07 1.89718208386e-03 -8.72239524228e-03
1.99526231497e+07 1.20947082984e-03 -7.04872254624e-03
2.51188643151e+07 7.63132651414e-04 -5.66100668152e-03
3.16227766017e+07 4.76389767188e-04 -4.52834001370e-03
3.98107170553e+07 2.93381567094e-04 -3.61303000177e-03
5.01187233627e+07 1.77068936465e-04 -2.87803026917e-03
6.30957344480e+07 1.03342268843e-04 -2.29017829454e-03
7.94328234724e+07 5.66884097322e-05 -1.82120287037e-03
1.00000000000e+08 2.71976848814e-05 -1.44766197760e-03
1.25892541179e+08 8.56869666154e-06 -1.15043516190e-03
1.58489319246e+08 -3.19401132647e-06 -9.14082123350e-04
1.99526231497e+08 -1.06192095684e-05 -7.26211102947e-04
2.51188643151e+08 -1.53055597228e-05 -5.76915088364e-04
3.16227766017e+08 -1.82629910977e-05 -4.58292579489e-04
3.98107170553e+08 -2.01292208943e-05 -3.64051094180e-04
5.01187233627e+08 -2.13068185930e-05 -2.89184262276e-04
6.30957344480e+08 -2.20498668705e-05 -2.29711334131e-04
7.94328234724e+08 -2.25187123185e-05 -1.82468258259e-04
1.00000000000e+09 -2.28145392436e-05 -1.44940721802e-04
# PARAM W1 = 9.292100e-06
# PARAM L1 = 5.000000e-07
# PARAM WB = 5.800900e-06
# PARAM LB = 1.507800e-06
# PARAM VB = 2.549700e+00
# PARAM WD = 4.810300e-06
# PARAM LD = 5.916200e-07
# PARAM VOFFSET = 2.648500e+00
# TEMPERATURE = 2.700000e+01
# FREQ VR(VOUTR,VOUTL) VI(VOUTR,VOUTL)
1.00000000000e+02 4.55136374129e-02 -1.50316000873e-06
1.25892541179e+02 4.55136373839e-02 -1.89236633178e-06
1.58489319246e+02 4.55136373379e-02 -2.38234806109e-06
1.99526231497e+02 4.55136372650e-02 -2.99919850905e-06
2.51188643151e+02 4.55136371494e-02 -3.77576720847e-06
3.16227766017e+02 4.55136369663e-02 -4.75340926865e-06
3.98107170553e+02 4.55136366761e-02 -5.98418768282e-06
5.01187233627e+02 4.55136362161e-02 -7.53364586674e-06
6.30957344480e+02 4.55136354871e-02 -9.48429807325e-06
7.94328234724e+02 4.55136343316e-02 -1.19400235545e-05
1.00000000000e+03 4.55136325004e-02 -1.50315984656e-05
1.25892541179e+03 4.55136295981e-02 -1.89236600821e-05
1.58489319246e+03 4.55136249982e-02 -2.38234741549e-05
1.99526231497e+03 4.55136177079e-02 -2.99919722090e-05
2.51188643151e+03 4.55136061536e-02 -3.77576463828e-05
3.16227766017e+03 4.55135878413e-02 -4.75340414044e-05
3.98107170553e+03 4.55135588182e-02 -5.98417745071e-05
5.01187233627e+03 4.55135128198e-02 -7.53362545102e-05
6.30957344480e+03 4.55134399175e-02 -9.48425733860e-05
7.94328234724e+03 4.55133243756e-02 -1.19399422784e-04
1.00000000000e+04 4.55131412551e-02 -1.50314362991e-04
1.25892541179e+04 4.55128510318e-02 -1.89233365195e-04
1.58489319246e+04 4.55123910664e-02 -2.38228285692e-04
1.99526231497e+04 4.55116620895e-02 -2.99906841170e-04
2.51188643151e+04 4.55105067867e-02 -3.77550763673e-04
3.16227766017e+04 4.55086758753e-02 -4.75289137577e-04
3.98107170553e+04 4.55057743778e-02 -5.98315441652e-04
5.01187233627e+04 4.55011765716e-02 -7.53158443767e-04
6.30957344480e+04 4.54938914419e-02 -9.48018563982e-04
7.94328234724e+04 4.54823500645e-02 -1.19318202519e-03
1.00000000000e+05 4.54640701988e-02 -1.50152373011e-03
1.25892541179e+05 4.54351286296e-02 -1.88910360407e-03
1.58489319246e+05 4.53893347003e-02 -2.37584462182e-03
1.99526231497e+05 4.53169449137e-02 -2.98624312723e-03
2.51188643151e+05 4.52026864036e-02 -3.74998296771e-03
3.16227766017e+05 4.50227738370e-02 -4.70216761264e-03
3.98107170553e+05 4.47405454995e-02 -5.88258774046e-03
5.01187233627e+05 4.43004169964e-02 -7.33292060789e-03
6.30957344480e+05 4.36203177518e-02 -9.08994407537e-03
7.94328234724e+05 4.25841716457e-02 -1.11718652758e-02
1.00000000000e+06 4.10391186446e-02 -1.35545028734e-02
1.25892541179e+06 3.88074428755e-02 -1.61366509845e-02
1.58489319246e+06 3.57279821114e-02 -1.87036846275e-02
1.99526231497e+06 3.17361981229e-02 -2.09173066207e-02
2.51188643151e+06 2.69611276445e-02 -2.23738089429e-02
3.16227766017e+06 2.17685185865e-02 -2.27463440214e-02
3.98107170553e+06 1.66758574266e-02 -2.19431554602e-02
5.01187233627e+06 1.21627240782e-02 -2.01578861292e-02
6.30957344480e+06 8.50865695723e-03 -1.77663181452e-02
7.94328234724e+06 5.76050907285e-03 -1.51603269137e-02
1.00000000000e+07 3.80619915622e-03 -1.26342879619e-02
1.25892541179e+07 2.47107947601e-03 -1.03570322438e-02
1.58489319246e+07 1.58378781811e-03 -8.39647447211e-03
1.99526231497e+07 1.00487408341e-03 -6.75744910180e-03
2.51188643151e+07 6.31687645706e-04 -5.41263785890e-03
3.16227766017e+07 3.92985849477e-04 -4.32227722009e-03
3.98107170553e+07 2.41064380972e-04 -3.44486679618e-03
5.01187233627e+07 1.44680906510e-04 -2.74218054995e-03
6.30957344480e+07 8.36556009322e-05 -2.18112129789e-03
7.94328234724e+07 4.50666941865e-05 -1.73399786399e-03
1.00000000000e+08 2.06849913007e-05 -1.37810204869e-03
1.25892541179e+08 5.28771799420e-06 -1.09503586152e-03
1.58489319246e+08 -4.43266856126e-06 -8.70003692180e-04
1.99526231497e+08 -1.05679547148e-05 -6.91161644701e-04
2.51188643151e+08 -1.44399096440e-05 -5.49055903840e-04
3.16227766017e+08 -1.68832869538e-05 -4.36154012894e-04
3.98107170553e+08 -1.84250887585e-05 -3.46461178961e-04
5.01187233627e+08 -1.93979536596e-05 -2.75209776853e-04
6.30957344480e+08 -2.00118113054e-05 -2.18609843395e-04
7.94328234724e+08 -2.03991378119e-05 -1.73649448113e-04
1.00000000000e+09 -2.06435277064e-05 -1.37935399902e-04
# PARAM W1 = 9.956000e-06
# PARAM L1 = 5.000000e-07
# PARAM WB = 1.000000e-05
# PARAM LB = 5.781100e-07
# PARAM VB = 3.248100e+00
# PARAM WD = 7.031500e-06
# PARAM LD = 5.000000e-07
# PARAM VOFFSET = 2.523400e+00
# TEMPERATURE = 2.700000e+01
# FREQ VR(VOUTR,VOUTL) VI(VOUTR,VOUTL)
1.00000000000e+02 3.21547842748e-02 -3.98006148674e-07
1.25892541179e+02 3.21547842719e-02 -5.01060054571e-07
1.58489319246e+02 3.21547842674e-02 -6.30797235444e-07
1.99526231497e+02 3.21547842601e-02 -7.94126669212e-07
2.51188643151e+02 3.21547842487e-02 -9.99746243698e-07
3.16227766017e+02 3.21547842305e-02 -1.25860595083e-06
3.98107170553e+02 3.21547842017e-02 -1.58449101351e-06
5.01187233627e+02 3.21547841561e-02 -1.99475599884e-06
6.30957344480e+02 3.21547840838e-02 -2.51124901163e-06
7.94328234724e+02 3.21547839691e-02 -3.16147518482e-06
1.00000000000e+03 3.21547837875e-02 -3.98006142645e-06
1.25892541179e+03 3.21547834995e-02 -5.01060042543e-06
1.58489319246e+03 3.21547830432e-02 -6.30797211445e-06
1.99526231497e+03 3.21547823199e-02 -7.94126621328e-06
2.51188643151e+03 3.21547811736e-02 -9.99746148156e-06
3.16227766017e+03 3.21547793568e-02 -1.25860576020e-05
3.98107170553e+03 3.21547764774e-02 -1.58449063315e-05
5.01187233627e+03 3.21547719139e-02 -1.99475523992e-05
6.30957344480e+03 3.21547646812e-02 -2.51124749739e-05
7.94328234724e+03 3.21547532181e-02 -3.16147216351e-05
1.00000000000e+04 3.21547350504e-02 -3.98005539816e-05
1.25892541179e+04 3.21547062565e-02 -5.01058839740e-05
1.58489319246e+04 3.21546606214e-02 -6.30794811543e-05
1.99526231497e+04 3.21545882950e-02 -7.94121832903e-05
2.51188643151e+04 3.21544736660e-02 -9.99736594028e-05
3.16227766017e+04 3.21542919928e-02 -1.25858669731e-04
3.98107170553e+04 3.21540040646e-02 -1.58445259805e-04
5.01187233627e+04 3.21535477395e-02 -1.99467935100e-04
6.30957344480e+04 3.21528245396e-02 -2.51109608250e-04
7.94328234724e+04 3.21516784116e-02 -3.16117006197e-04
1.00000000000e+05 3.21498620884e-02 -3.97945266071e-04
1.25892541179e+05 3.21469838301e-02 -5.00938588675e-04
1.58489319246e+05 3.21424231528e-02 -6.30554913480e-04
1.99526231497e+05 3.21351976147e-02 -7.93643281939e-04
2.51188643151e+05 3.21237525558e-02 -9.98782102549e-04
3.16227766017e+05 3.21056300379e-02 -1.25668332081e-03
3.98107170553e+05 3.20769495999e-02 -1.58065828675e-03
5.01187233627e+05 3.20315989081e-02 -1.98711950769e-03
6.30957344480e+05 3.19599848060e-02 -2.49604624974e-03
7.94328234724e+05 3.18471372573e-02 -3.13124871498e-03
1.00000000000e+06 3.16699080827e-02 -3.92008707297e-03
1.25892541179e+06 3.13930211629e-02 -4.89198131919e-03
1.58489319246e+06 3.09639599220e-02 -6.07452827927e-03
1.99526231497e+06 3.03074417018e-02 -7.48535305108e-03
2.51188643151e+06 2.93220638766e-02 -9.11734858364e-03
3.16227766017e+06 2.78850737848e-02 -1.09159937369e-02
3.98107170553e+06 2.58751171575e-02 -1.27526802819e-02
5.01187233627e+06 2.32218377067e-02 -1.44098541596e-02
6.30957344480e+06 1.99747412153e-02 -1.56067930902e-02
7.94328234724e+06 1.63498697720e-02 -1.60863309682e-02
1.00000000000e+07 1.26959334570e-02 -1.57319311659e-02
1.25892541179e+07 9.37268723061e-03 -1.46304790448e-02
1.58489319246e+07 6.62127375239e-03 -1.30249293911e-02
1.99526231497e+07 4.51509451643e-03 -1.11994839817e-02
2.51188643151e+07 2.99758802261e-03 -9.38448855403e-03
3.16227766017e+07 1.95129204761e-03 -7.72186152734e-03
3.98107170553e+07 1.25159161235e-03 -6.27578704574e-03
5.01187233627e+07 7.93182524088e-04 -5.05898142133e-03
6.30957344480e+07 4.96882286332e-04 -4.05645795722e-03
7.94328234724e+07 3.07031430774e-04 -3.24148221536e-03
1.00000000000e+08 1.86067572281e-04 -2.58458043225e-03
1.25892541179e+08 1.09270604177e-04 -2.05793705162e-03
1.58489319246e+08 6.06248571345e-05 -1.63715897937e-03
1.99526231497e+08 2.98554013872e-05 -1.30168836722e-03
2.51188643151e+08 1.04108121069e-05 -1.03459366334e-03
3.16227766017e+08 -1.87001043831e-06 -8.22120931258e-04
3.98107170553e+08 -9.62351506480e-06 -6.53191325392e-04
5.01187233627e+08 -1.45175698822e-05 -5.18927259081e-04
6.30957344480e+08 -1.76062760974e-05 -4.12238150527e-04
7.94328234724e+08 -1.95554231661e-05 -3.27472240922e-04
1.00000000000e+09 -2.07853733493e-05 -2.60130390853e-04
# PARAM W1 = 1.000000e-05
# PARAM L1 = 5.000000e-07
# PARAM WB = 1.241700e-06
# PARAM LB = 1.215800e-06
# PARAM VB = 2.530500e+00
# PARAM WD = 1.000000e-05
# PARAM LD = 8.219800e-07
# PARAM VOFFSET = 2.172700e+00
# TEMPERATURE = 2.700000e+01
# FREQ VR(VOUTR,VOUTL) VI(VOUTR,VOUTL)
1.00000000000e+02 2.80948265204e-02 -2.40966489701e-06
1.25892541179e+02 2.80948263996e-02 -3.03358835972e-06
1.58489319246e+02 2.80948262081e-02 -3.81906144897e-06
1.99526231497e+02 2.80948259046e-02 -4.80791345541e-06
2.51188643151e+02 2.80948254237e-02 -6.05280432317e-06
3.16227766017e+02 2.80948246615e-02 -7.62002896846e-06
3.98107170553e+02 2.80948234534e-02 -9.59304769477e-06
5.01187233627e+02 2.80948215388e-02 -1.20769306970e-05
6.30957344480e+02 2.80948185043e-02 -1.52039533098e-05
7.94328234724e+02 2.80948136949e-02 -1.91406399070e-05
1.00000000000e+03 2.80948060726e-02 -2.40966314435e-05
1.25892541179e+03 2.80947939921e-02 -3.03358486270e-05
1.58489319246e+03 2.80947748458e-02 -3.81905447149e-05
1.99526231497e+03 2.80947445010e-02 -4.80789953354e-05
2.51188643151e+03 2.80946964078e-02 -6.05277654543e-05
3.16227766017e+03 2.80946201856e-02 -7.61997354473e-05
3.98107170553e+03 2.80944993823e-02 -9.59293711038e-05
5.01187233627e+03 2.80943079243e-02 -1.20767100536e-04
6.30957344480e+03 2.80940044890e-02 -1.52035130732e-04
7.94328234724e+03 2.80935235899e-02 -1.91397615347e-04
1.00000000000e+04 2.80927614500e-02 -2.40948789085e-04
1.25892541179e+04 2.80915536242e-02 -3.03323520116e-04
1.58489319246e+04 2.80896395620e-02 -3.81835685299e-04
1.99526231497e+04 2.80866065117e-02 -4.80650775333e-04
2.51188643151e+04 2.80818007915e-02 -6.05000005844e-04
3.16227766017e+04 2.80741876039e-02 -7.61443524080e-04
3.98107170553e+04 2.80621299614e-02 -9.58189153175e-04
5.01187233627e+04 2.80430410739e-02 -1.20546863589e-03
6.30957344480e+04 2.80128403313e-02 -1.51596177928e-03
7.94328234724e+04 2.79651083138e-02 -1.90523295712e-03
1.00000000000e+05 2.78897902550e-02 -2.39209034656e-03
1.25892541179e+05 2.77712461613e-02 -2.99867147152e-03
1.58489319246e+05 2.75854155403e-02 -3.74985898190e-03
1.99526231497e+05 2.72959314486e-02 -4.67128443666e-03
2.51188643151e+05 2.68493641656e-02 -5.78465064116e-03
3.16227766017e+05 2.61707584170e-02 -7.09850585305e-03
3.98107170553e+05 2.51627569700e-02 -8.59252405246e-03
5.01187233627e+05 2.37149903699e-02 -1.01954017173e-02
6.30957344480e+05 2.17329698306e-02 -1.17633319875e-02
7.94328234724e+05 1.91905365006e-02 -1.30781334630e-02
1.00000000000e+06 1.61882457582e-02 -1.38910005260e-02
1.25892541179e+06 1.29707092607e-02 -1.40157550841e-02
1.58489319246e+06 9.86191102890e-03 -1.34215471703e-02
1.99526231497e+06 7.14480222480e-03 -1.22498562774e-02
2.51188643151e+06 4.97049948918e-03 -1.07402790365e-02
3.16227766017e+06 3.35011580489e-03 -9.12911846252e-03
3.98107170553e+06 2.20547305047e-03 -7.58695776729e-03
5.01187233627e+06 1.42712624432e-03 -6.20771867111e-03
6.30957344480e+06 9.11476363216e-04 -5.02631197263e-03
7.94328234724e+06 5.75736095992e-04 -4.04185320673e-03
1.00000000000e+07 3.59597558889e-04 -3.23577426613e-03
1.25892541179e+07 2.21467741602e-04 -2.58306756597e-03
1.58489319246e+07 1.33603564830e-04 -2.05827132547e-03
1.99526231497e+07 7.78794280772e-05 -1.63820131909e-03
2.51188643151e+07 4.26054500817e-05 -1.30290789008e-03
3.16227766017e+07 2.03033367402e-05 -1.03575932091e-03
3.98107170553e+07 6.21339938476e-06 -8.23145783093e-04
5.01187233627e+07 -2.68402931030e-06 -6.54055051529e-04
6.30957344480e+07 -8.30082816162e-06 -5.19638251387e-04
7.94328234724e+07 -1.18459442486e-05 -4.12815403642e-04
1.00000000000e+08 -1.40832215198e-05 -3.27937032390e-04
1.25892541179e+08 -1.54950313171e-05 -2.60502727500e-04
1.58489319246e+08 -1.63858960511e-05 -2.06931229477e-04
1.99526231497e+08 -1.69480227521e-05 -1.64374605076e-04
2.51188643151e+08 -1.73027122901e-05 -1.30569037267e-04
3.16227766017e+08 -1.75265108644e-05 -1.03715498547e-04
3.98107170553e+08 -1.76677200520e-05 -8.23845626924e-05
5.01187233627e+08 -1.77568177559e-05 -6.54405916540e-05
6.30957344480e+08 -1.78130348971e-05 -5.19814135956e-05
7.94328234724e+08 -1.78485056310e-05 -4.12903565973e-05
1.00000000000e+09 -1.78708861971e-05 -3.27981221777e-05
# PARAM W1 = 1.000000e-05
# PARAM L1 = 5.000000e-07
# PARAM WB = 9.834300e-06
# PARAM LB = 5.802300e-07
# PARAM VB = 2.572600e+00
# PARAM WD = 7.240700e-06
# PARAM LD = 5.860400e-07
# PARAM VOFFSET = 2.522000e+00
# TEMPERATURE = 2.700000e+01
# FREQ VR(VOUTR,VOUTL) VI(VOUTR,VOUTL)
1.00000000000e+02 3.71602717022e-02 -6.15042559634e-07
1.25892541179e+02 3.71602716963e-02 -7.74292707534e-07
1.58489319246e+02 3.71602716869e-02 -9.74776765435e-07
1.99526231497e+02 3.71602716719e-02 -1.22717124034e-06
2.51188643151e+02 3.71602716482e-02 -1.54491705810e-06
3.16227766017e+02 3.71602716107e-02 -1.94493534159e-06
3.98107170553e+02 3.71602715512e-02 -2.44852852191e-06
5.01187233627e+02 3.71602714569e-02 -3.08251476992e-06
6.30957344480e+02 3.71602713074e-02 -3.88065616048e-06
7.94328234724e+02 3.71602710705e-02 -4.88545662374e-06
1.00000000000e+03 3.71602706951e-02 -6.15042542975e-06
1.25892541179e+03 3.71602701000e-02 -7.74292674294e-06
1.58489319246e+03 3.71602691570e-02 -9.74776699112e-06
1.99526231497e+03 3.71602676623e-02 -1.22717110801e-05
2.51188643151e+03 3.71602652935e-02 -1.54491679407e-05
3.16227766017e+03 3.71602615391e-02 -1.94493481478e-05
3.98107170553e+03 3.71602555887e-02 -2.44852747078e-05
5.01187233627e+03 3.71602461581e-02 -3.08251267263e-05
6.30957344480e+03 3.71602312116e-02 -3.88065197584e-05
7.94328234724e+03 3.71602075230e-02 -4.88544827429e-05
1.00000000000e+04 3.71601699791e-02 -6.15040877041e-05
1.25892541179e+04 3.71601104762e-02 -7.74289350325e-05
1.58489319246e+04 3.71600161709e-02 -9.74770066939e-05
1.99526231497e+04 3.71598667080e-02 -1.22715787514e-04
2.51188643151e+04 3.71596298278e-02 -1.54489039119e-04
3.16227766017e+04 3.71592544042e-02 -1.94488213464e-04
3.98107170553e+04 3.71586594133e-02 -2.44842236178e-04
5.01187233627e+04 3.71577164554e-02 -3.08230295798e-04
6.30957344480e+04 3.71562220657e-02 -3.88023355709e-04
7.94328234724e+04 3.71538538637e-02 -4.88461347284e-04
1.00000000000e+05 3.71501011344e-02 -6.14874329235e-04
1.25892541179e+05 3.71441550110e-02 -7.73957097452e-04
1.58489319246e+05 3.71347349360e-02 -9.74107305004e-04
1.99526231497e+05 3.71198149007e-02 -1.22583602752e-03
2.51188643151e+05 3.70961927660e-02 -1.54225465261e-03
3.16227766017e+05 3.70588156907e-02 -1.93962849337e-03
3.98107170553e+05 3.69997309629e-02 -2.43795683912e-03
5.01187233627e+05 3.69064726945e-02 -3.06147462274e-03
6.30957344480e+05 3.67596268616e-02 -3.83884247965e-03
7.94328234724e+05 3.65292691026e-02 -4.80254985535e-03
1.00000000000e+06 3.61700288408e-02 -5.98663046305e-03
1.25892541179e+06 3.56149139313e-02 -7.42112539154e-03
1.58489319246e+06 3.47691690131e-02 -9.12092650451e-03
1.99526231497e+06 3.35079993714e-02 -1.10663367282e-02
2.51188643151e+06 3.16862929671e-02 -1.31747939982e-02
3.16227766017e+06 2.91724039772e-02 -1.52711446771e-02
3.98107170553e+06 2.59135073458e-02 -1.70792314034e-02
5.01187233627e+06 2.20147771752e-02 -1.82693958188e-02
6.30957344480e+06 1.77746945662e-02 -1.85745996466e-02
7.94328234724e+06 1.36157779130e-02 -1.79196731576e-02
1.00000000000e+07 9.92976154282e-03 -1.64625271621e-02
1.25892541179e+07 6.94511617466e-03 -1.45099381328e-02
1.58489319246e+07 4.70027605427e-03 -1.23819539335e-02
1.99526231497e+07 3.10380838829e-03 -1.03190631948e-02
2.51188643151e+07 2.01311710739e-03 -8.45923126642e-03
3.16227766017e+07 1.28825041479e-03 -6.85798570100e-03
3.98107170553e+07 8.15303644148e-04 -5.51931293084e-03
5.01187233627e+07 5.10423885916e-04 -4.42092250601e-03
6.30957344480e+07 3.15411943696e-04 -3.53034895004e-03
7.94328234724e+07 1.91296322281e-04 -2.81370226774e-03
1.00000000000e+08 1.12553495240e-04 -2.23976364617e-03
1.25892541179e+08 6.26973033320e-05 -1.78150169997e-03
1.58489319246e+08 3.11710712548e-05 -1.41629967722e-03
1.99526231497e+08 1.12517785077e-05 -1.12561037437e-03
2.51188643151e+08 -1.32744631673e-06 -8.94406858952e-04
3.16227766017e+08 -9.26878486247e-06 -7.10604443302e-04
3.98107170553e+08 -1.42811773459e-05 -5.64529290760e-04
5.01187233627e+08 -1.74444788334e-05 -4.48459712602e-04
6.30957344480e+08 -1.94406641535e-05 -3.56243338624e-04
7.94328234724e+08 -2.07002822424e-05 -2.82983729233e-04
1.00000000000e+09 -2.14950914429e-05 -2.24786771210e-04
# PARAM W1 = 1.000000e-05
# PARAM L1 = 5.000000e-07
# PARAM WB = 1.000000e-05
# PARAM LB = 5.412300e-07
# PARAM VB = 2.629500e+00
# PARAM WD = 7.180100e-06
# PARAM LD = 5.000000e-07
# PARAM VOFFSET = 2.689100e+00
# TEMPERATURE = 2.700000e+01
# FREQ VR(VOUTR,VOUTL) VI(VOUTR,VOUTL)
1.00000000000e+02 3.12860957622e-02 -3.92534753195e-07
1.25892541179e+02 3.12860957593e-02 -4.94171975764e-07
1.58489319246e+02 3.12860957548e-02 -6.22125657995e-07
1.99526231497e+02 3.12860957476e-02 -7.83209799998e-07
2.51188643151e+02 3.12860957361e-02 -9.86002719623e-07
3.16227766017e+02 3.12860957179e-02 -1.24130387911e-06
3.98107170553e+02 3.12860956891e-02 -1.56270899574e-06
5.01187233627e+02 3.12860956435e-02 -1.96733406310e-06
6.30957344480e+02 3.12860955712e-02 -2.47672683981e-06
7.94328234724e+02 3.12860954566e-02 -3.11801434530e-06
1.00000000000e+03 3.12860952750e-02 -3.92534747086e-06
1.25892541179e+03 3.12860949872e-02 -4.94171963576e-06
1.58489319246e+03 3.12860945310e-02 -6.22125633677e-06
1.99526231497e+03 3.12860938079e-02 -7.83209751478e-06
2.51188643151e+03 3.12860926620e-02 -9.86002622812e-06
3.16227766017e+03 3.12860908458e-02 -1.24130368595e-05
3.98107170553e+03 3.12860879673e-02 -1.56270861032e-05
5.01187233627e+03 3.12860834053e-02 -1.96733329410e-05
6.30957344480e+03 3.12860761749e-02 -2.47672530546e-05
7.94328234724e+03 3.12860647155e-02 -3.11801128386e-05
1.00000000000e+04 3.12860465537e-02 -3.92534136249e-05
1.25892541179e+04 3.12860177691e-02 -4.94170744796e-05
1.58489319246e+04 3.12859721488e-02 -6.22123201895e-05
1.99526231497e+04 3.12858998457e-02 -7.83204899447e-05
2.51188643151e+04 3.12857852538e-02 -9.85992941773e-05
3.16227766017e+04 3.12856036395e-02 -1.24128436985e-04
3.98107170553e+04 3.12853158045e-02 -1.56267007000e-04
5.01187233627e+04 3.12848596277e-02 -1.96725639718e-04
6.30957344480e+04 3.12841366634e-02 -2.47657187949e-04
7.94328234724e+04 3.12829909105e-02 -3.11770517012e-04
1.00000000000e+05 3.12811751865e-02 -3.92473062107e-04
1.25892541179e+05 3.12782978891e-02 -4.94048897176e-04
1.58489319246e+05 3.12737387634e-02 -6.21880119694e-04
1.99526231497e+05 3.12665157560e-02 -7.82719999748e-04
2.51188643151e+05 3.12550748876e-02 -9.85025796979e-04
3.16227766017e+05 3.12369594611e-02 -1.23935579111e-03
3.98107170553e+05 3.12082913889e-02 -1.55882561381e-03
5.01187233627e+05 3.11629631085e-02 -1.95959694326e-03
6.30957344480e+05 3.10913915264e-02 -2.46132468526e-03
7.94328234724e+05 3.09786286947e-02 -3.08739438117e-03
1.00000000000e+06 3.08015763072e-02 -3.86460152669e-03
1.25892541179e+06 3.05250725062e-02 -4.82160277053e-03
1.58489319246e+06 3.00968623159e-02 -5.98495119660e-03
1.99526231497e+06 2.94422512023e-02 -7.37085391882e-03
2.51188643151e+06 2.84611065123e-02 -8.97036876507e-03
3.16227766017e+06 2.70332311092e-02 -1.07269204196e-02
3.98107170553e+06 2.50418559430e-02 -1.25104540303e-02
5.01187233627e+06 2.24234676445e-02 -1.41044457023e-02
6.30957344480e+06 1.92350099820e-02 -1.52342007631e-02
7.94328234724e+06 1.56961568236e-02 -1.56544535022e-02
1.00000000000e+07 1.21506838433e-02 -1.52626980446e-02
1.25892541179e+07 8.94488324587e-03 -1.41546858963e-02
1.58489319246e+07 6.30414715787e-03 -1.25724468200e-02
1.99526231497e+07 4.29086169230e-03 -1.07914696642e-02
2.51188643151e+07 2.84465404027e-03 -9.03119259869e-03
3.16227766017e+07 1.84964031516e-03 -7.42470171204e-03
3.98107170553e+07 1.18519857907e-03 -6.03077237814e-03
5.01187233627e+07 7.50307472619e-04 -4.85962360167e-03
6.30957344480e+07 4.69384421632e-04 -3.89564870639e-03
7.94328234724e+07 2.89458881037e-04 -3.11249077121e-03
1.00000000000e+08 1.74848502130e-04 -2.48148079950e-03
1.25892541179e+08 1.02097132247e-04 -1.97571955975e-03
1.58489319246e+08 5.60187941051e-05 -1.57168877444e-03
1.99526231497e+08 2.68751973182e-05 -1.24960179849e-03
2.51188643151e+08 8.45882742473e-06 -9.93178777458e-04
3.16227766017e+08 -3.17228592476e-06 -7.89203314445e-04
3.98107170553e+08 -1.05154742966e-05 -6.27033597787e-04
5.01187233627e+08 -1.51504866345e-05 -4.98144254831e-04
6.30957344480e+08 -1.80756881710e-05 -3.95727025078e-04
7.94328234724e+08 -1.99216468959e-05 -3.14355685240e-04
1.00000000000e+09 -2.10864801323e-05 -2.49710887421e-04
