2.57610000000e-06 1.89777940190e-05
4.69100000000e-06 2.79901245780e-06
8.81400000000e-06 2.23677204537e-05
9.85910000000e-06 1.34061488477e-05
6.49050000000e-06 3.50768541773e-05
8.68140000000e-06 5.76590651880e-06
4.03070000000e-06 3.75224244998e-05
7.75160000000e-06 5.38005118351e-05
7.11340000000e-06 4.20652089978e-05
7.93650000000e-06 6.74677145869e-05
1.97530000000e-06 2.55720809369e-06
5.45900000000e-06 1.31706962247e-05
6.99520000000e-06 2.79958386892e-06
5.56440000000e-06 6.78822066779e-05
3.31240000000e-06 6.18540471318e-06
4.97060000000e-06 1.02133038134e-05
2.91120000000e-06 1.12761097568e-05
9.57990000000e-06 7.08828219491e-06
1.11760000000e-06 9.83071072591e-06
5.97480000000e-06 2.52084213184e-06
3.52380000000e-06 1.89894864566e-05
1.46420000000e-06 3.94132387830e-07
3.74060000000e-06 8.37631882760e-08
1.67500000000e-06 1.84616471528e-05
8.21700000000e-06 4.04436700915e-06
6.28610000000e-06 3.12892525205e-05
2.29830000000e-06 3.58279807916e-07
7.57040000000e-06 3.79702123556e-05
9.20200000000e-06 1.43085675903e-04
4.52260000000e-06 6.10570936811e-08
