# PARAM R1 = 5.542236e+05
# PARAM W1 = 8.524800e-06
# PARAM L1 = 2.553400e-06
# PARAM WB = 5.718000e-06
# PARAM LB = 1.789800e-06
# PARAM VB = 3.204300e+00
# PARAM VOFFSET = 2.046000e+00
# TEMPERATURE = 2.700000e+01
# FREQ VR(VOUTR,VOUTL) VI(VOUTR,VOUTL)
1.00000000000e+02 7.88779891489e-02 -2.51953583353e-05
1.25892541179e+02 7.88779844458e-02 -3.17190749780e-05
1.58489319246e+02 7.88779769919e-02 -3.99319457582e-05
1.99526231497e+02 7.88779651783e-02 -5.02713337348e-05
2.51188643151e+02 7.88779464550e-02 -6.32878445139e-05
3.16227766017e+02 7.88779167806e-02 -7.96746457683e-05
3.98107170553e+02 7.88778697500e-02 -1.00304376480e-04
5.01187233627e+02 7.88777952115e-02 -1.26275609240e-04
6.30957344480e+02 7.88776770762e-02 -1.58971335478e-04
7.94328234724e+02 7.88774898452e-02 -2.00132579341e-04
1.00000000000e+03 7.88771931058e-02 -2.51951042838e-04
1.25892541179e+03 7.88767228101e-02 -3.17185680816e-04
1.58489319246e+03 7.88759774532e-02 -3.99309343765e-04
1.99526231497e+03 7.88747961709e-02 -5.02693157935e-04
2.51188643151e+03 7.88729240371e-02 -6.32838182883e-04
3.16227766017e+03 7.88699570868e-02 -7.96666126970e-04
3.98107170553e+03 7.88652552443e-02 -1.00288349359e-03
5.01187233627e+03 7.88578044733e-02 -1.26243633979e-03
6.30957344480e+03 7.88459986780e-02 -1.58907546084e-03
7.94328234724e+03 7.88272949861e-02 -2.00005333236e-03
1.00000000000e+04 7.87976697862e-02 -2.51697249767e-03
1.25892541179e+04 7.87507625546e-02 -3.16679601261e-03
1.58489319246e+04 7.86765337905e-02 -3.98300542773e-03
1.99526231497e+04 7.85591750869e-02 -5.00683365226e-03
2.51188643151e+04 7.83738889398e-02 -6.28837663766e-03
3.16227766017e+04 7.80820122848e-02 -7.88714041227e-03
3.98107170553e+04 7.76238421395e-02 -9.87110955499e-03
5.01187233627e+04 7.69085943744e-02 -1.23125865140e-02
6.30957344480e+04 7.58015909607e-02 -1.52777156516e-02
7.94328234724e+04 7.41108747765e-02 -1.88049007153e-02
1.00000000000e+05 7.15803562686e-02 -2.28663702272e-02
1.25892541179e+05 6.79052667249e-02 -2.73104874647e-02
1.58489319246e+05 6.27948473141e-02 -3.17969782434e-02
1.99526231497e+05 5.61018185117e-02 -3.57680778258e-02
2.51188643151e+05 4.79919474013e-02 -3.85280570076e-02
3.16227766017e+05 3.90423109499e-02 -3.94718101865e-02
3.98107170553e+05 3.01297620911e-02 -3.83683954517e-02
5.01187233627e+05 2.21170560896e-02 -3.54865948431e-02
6.30957344480e+05 1.55492350549e-02 -3.14496444360e-02
7.94328234724e+05 1.05615751108e-02 -2.69488262112e-02
1.00000000000e+06 6.98920000783e-03 -2.25255787358e-02
1.25892541179e+06 4.53639013282e-03 -1.85031932948e-02
1.58489319246e+06 2.90075590890e-03 -1.50209797625e-02
1.99526231497e+06 1.83118665722e-03 -1.20995552165e-02
2.51188643151e+06 1.14070074621e-03 -9.69715133371e-03
3.16227766017e+06 6.98629457004e-04 -7.74652442302e-03
3.98107170553e+06 4.17105006350e-04 -6.17544108561e-03
5.01187233627e+06 2.38429474548e-04 -4.91649790165e-03
6.30957344480e+06 1.25273517008e-04 -3.91093252794e-03
7.94328234724e+06 5.37092276744e-05 -3.10938713251e-03
1.00000000000e+07 8.48825319562e-06 -2.47129094247e-03
1.25892541179e+07 -2.00709594385e-05 -1.96372699400e-03
1.58489319246e+07 -3.81012489000e-05 -1.56020026207e-03
1.99526231497e+07 -4.94818332243e-05 -1.23948984252e-03
2.51188643151e+07 -5.66641855504e-05 -9.84651373086e-04
3.16227766017e+07 -6.11966161257e-05 -7.82181297297e-04
3.98107170553e+07 -6.40566543117e-05 -6.21331199690e-04
5.01187233627e+07 -6.58613230466e-05 -4.93552197708e-04
6.30957344480e+07 -6.70000344948e-05 -3.92048100895e-04
7.94328234724e+07 -6.77185297490e-05 -3.11417710164e-04
1.00000000000e+08 -6.81718763359e-05 -2.47369300489e-04
1.25892541179e+08 -6.84579213735e-05 -1.96493131732e-04
1.58489319246e+08 -6.86384046574e-05 -1.56080399286e-04
1.99526231497e+08 -6.87522823355e-05 -1.23979246876e-04
2.51188643151e+08 -6.88241344619e-05 -9.84803059433e-05
3.16227766017e+08 -6.88694701561e-05 -7.82257324966e-05
3.98107170553e+08 -6.88980750721e-05 -6.21369305182e-05
5.01187233627e+08 -6.89161235646e-05 -4.93571296135e-05
6.30957344480e+08 -6.89275113978e-05 -3.92057672923e-05
7.94328234724e+08 -6.89346966364e-05 -3.11422507586e-05
1.00000000000e+09 -6.89392302162e-05 -2.47371704910e-05
