2.92112964000e+04 4.77975018071e-06
9.07234267000e+04 5.90536414836e-05
3.75636487400e+05 1.67105586087e-05
4.82675434300e+05 1.31593389931e-10
1.45377262400e+05 7.66057050722e-06
1.00000000000e+04 6.28285954564e-05
1.02050223900e+05 9.46592387474e-06
1.00000000000e+04 5.72681666101e-05
5.58313431000e+04 2.91719195361e-05
1.00000000000e+04 2.30131994207e-05
1.00000000000e+04 7.12825716731e-06
1.47019963300e+05 2.65677230075e-05
1.00000000000e+04 5.01348288632e-06
1.50123670000e+04 3.40249519457e-05
8.02227500000e+04 5.26548941358e-06
1.13688781900e+05 5.33325629859e-05
3.93352831000e+04 2.23899859867e-05
4.94969185000e+04 5.60632374458e-05
1.00000000000e+04 1.83010329493e-05
2.51634314100e+05 5.49084303300e-06
1.00000000000e+04 5.72681671083e-05
3.13152123000e+04 3.29579774015e-05
4.30234783100e+05 6.79800663323e-06
3.17270977200e+05 1.34231338846e-10
1.00000000000e+04 4.47181063913e-05
1.00000000000e+04 6.02098680493e-05
4.82675434300e+05 2.53229556267e-09
1.00000000000e+04 7.43337752406e-05
4.99116003000e+04 5.96394218722e-05
9.77718071000e+04 2.73619621848e-05
1.00000000000e+04 3.98147582610e-05
1.00000000000e+04 8.71037018845e-06
1.05259174600e+05 4.74818113445e-05
1.00000000000e+04 2.15125370166e-05
8.02227500000e+04 9.12650736404e-06
1.93310092000e+04 4.13329583229e-05
1.00000000000e+04 8.83817310785e-06
6.34019024000e+04 4.83849245084e-06
1.00000000000e+04 5.74243561806e-05
9.37888198000e+04 2.76830607511e-06
1.84030562900e+05 2.56589725210e-06
6.39176501000e+04 4.34475815640e-05
2.79750855800e+05 3.25738604026e-06
1.00000000000e+04 1.24249047186e-05
1.43100326600e+05 7.54121656739e-06
1.00000000000e+04 2.16996496381e-05
1.00000000000e+04 1.83010430644e-05
6.91169620000e+04 4.61209062811e-05
2.77643646100e+05 2.30014996439e-05
2.06918616000e+05 2.78027226492e-06
