# PARAM X1 = 7.787014e+04
# PARAM X2 = 2.994200e-06
# TEMPERATURE = 2.700000e+01
# FREQ VR(VOUT) VI(VOUT)
1.00000000000e+02 4.65925511072e-05 -6.82571463228e-03
1.25892541179e+02 2.93984178143e-05 -5.42195108308e-03
1.58489319246e+02 1.85493488829e-05 -4.30685555883e-03
1.99526231497e+02 1.17039280323e-05 -3.42108039226e-03
2.51188643151e+02 7.38471124763e-06 -2.71747248628e-03
3.16227766017e+02 4.65945049683e-06 -2.15857100563e-03
3.98107170553e+02 2.93991956752e-06 -1.71461684478e-03
5.01187233627e+02 1.85496585586e-06 -1.36197004922e-03
6.30957344480e+02 1.17040513173e-06 -1.08185200554e-03
7.94328234724e+02 7.38476032852e-07 -8.59345964967e-04
1.00000000000e+03 4.65947003635e-07 -6.82602949399e-04
1.25892541179e+03 2.93992734635e-07 -5.42210889049e-04
1.58489319246e+03 1.85496895267e-07 -4.30693465075e-04
1.99526231497e+03 1.17040636459e-07 -3.42112003240e-04
2.51188643151e+03 7.38476523664e-08 -2.71749235349e-04
3.16227766017e+03 4.65947199031e-08 -2.15858096285e-04
3.98107170553e+03 2.93992812424e-08 -1.71462183522e-04
5.01187233627e+03 1.85496926236e-08 -1.36197255036e-04
6.30957344480e+03 1.17040648788e-08 -1.08185325908e-04
7.94328234724e+03 7.38476572746e-09 -8.59346593228e-05
1.00000000000e+04 4.65947218570e-09 -6.82603264275e-05
1.25892541179e+04 2.93992820203e-09 -5.42211046861e-05
1.58489319246e+04 1.85496929332e-09 -4.30693544168e-05
1.99526231497e+04 1.17040650021e-09 -3.42112042881e-05
2.51188643151e+04 7.38476577654e-10 -2.71749255217e-05
3.16227766017e+04 4.65947220524e-10 -2.15858106243e-05
3.98107170553e+04 2.93992820980e-10 -1.71462188512e-05
5.01187233627e+04 1.85496929642e-10 -1.36197257538e-05
6.30957344480e+04 1.17040650144e-10 -1.08185327162e-05
7.94328234724e+04 7.38476578145e-11 -8.59346599510e-06
1.00000000000e+05 4.65947220720e-11 -6.82603267424e-06
1.25892541179e+05 2.93992821058e-11 -5.42211048439e-06
1.58489319246e+05 1.85496929673e-11 -4.30693544959e-06
1.99526231497e+05 1.17040650157e-11 -3.42112043277e-06
2.51188643151e+05 7.38476578194e-12 -2.71749255415e-06
3.16227766017e+05 4.65947220739e-12 -2.15858106342e-06
3.98107170553e+05 2.93992821066e-12 -1.71462188562e-06
5.01187233627e+05 1.85496929676e-12 -1.36197257563e-06
6.30957344480e+05 1.17040650158e-12 -1.08185327174e-06
7.94328234724e+05 7.38476578199e-13 -8.59346599573e-07
1.00000000000e+06 4.65947220741e-13 -6.82603267455e-07
1.25892541179e+06 2.93992821067e-13 -5.42211048455e-07
1.58489319246e+06 1.85496929677e-13 -4.30693544967e-07
1.99526231497e+06 1.17040650158e-13 -3.42112043281e-07
2.51188643151e+06 7.38476578199e-14 -2.71749255417e-07
3.16227766017e+06 4.65947220741e-14 -2.15858106343e-07
3.98107170553e+06 2.93992821067e-14 -1.71462188563e-07
5.01187233627e+06 1.85496929677e-14 -1.36197257563e-07
6.30957344480e+06 1.17040650158e-14 -1.08185327174e-07
7.94328234724e+06 7.38476578199e-15 -8.59346599574e-08
1.00000000000e+07 4.65947220741e-15 -6.82603267456e-08
1.25892541179e+07 2.93992821067e-15 -5.42211048455e-08
1.58489319246e+07 1.85496929677e-15 -4.30693544967e-08
1.99526231497e+07 1.17040650158e-15 -3.42112043281e-08
2.51188643151e+07 7.38476578199e-16 -2.71749255417e-08
3.16227766017e+07 4.65947220741e-16 -2.15858106343e-08
3.98107170553e+07 2.93992821067e-16 -1.71462188563e-08
5.01187233627e+07 1.85496929677e-16 -1.36197257563e-08
6.30957344480e+07 1.17040650158e-16 -1.08185327174e-08
7.94328234724e+07 7.38476578199e-17 -8.59346599574e-09
1.00000000000e+08 4.65947220741e-17 -6.82603267456e-09
1.25892541179e+08 2.93992821067e-17 -5.42211048455e-09
1.58489319246e+08 1.85496929677e-17 -4.30693544967e-09
1.99526231497e+08 1.17040650158e-17 -3.42112043281e-09
2.51188643151e+08 7.38476578199e-18 -2.71749255417e-09
3.16227766017e+08 4.65947220741e-18 -2.15858106343e-09
3.98107170553e+08 2.93992821067e-18 -1.71462188563e-09
5.01187233627e+08 1.85496929677e-18 -1.36197257563e-09
6.30957344480e+08 1.17040650158e-18 -1.08185327174e-09
7.94328234724e+08 7.38476578199e-19 -8.59346599574e-10
1.00000000000e+09 4.65947220741e-19 -6.82603267456e-10
# PARAM X1 = 5.323200e-06
# PARAM X2 = 5.459300e-06
# TEMPERATURE = 2.700000e+01
# FREQ VR(VOUT) VI(VOUT)
1.00000000000e+02 1.00000000000e+00 -1.82595307436e-08
1.25892541179e+02 1.00000000000e+00 -2.29873872605e-08
1.58489319246e+02 1.00000000000e+00 -2.89394059730e-08
1.99526231497e+02 1.00000000000e+00 -3.64325535817e-08
2.51188643151e+02 1.00000000000e+00 -4.58658675205e-08
3.16227766017e+02 1.00000000000e+00 -5.77417061556e-08
3.98107170553e+02 1.00000000000e+00 -7.26925011996e-08
5.01187233627e+02 1.00000000000e+00 -9.15144370071e-08
6.30957344480e+02 1.00000000000e+00 -1.15209850294e-07
7.94328234724e+02 1.00000000000e+00 -1.45040608224e-07
1.00000000000e+03 1.00000000000e+00 -1.82595307436e-07
1.25892541179e+03 1.00000000000e+00 -2.29873872605e-07
1.58489319246e+03 1.00000000000e+00 -2.89394059730e-07
1.99526231497e+03 1.00000000000e+00 -3.64325535817e-07
2.51188643151e+03 1.00000000000e+00 -4.58658675205e-07
3.16227766017e+03 1.00000000000e+00 -5.77417061556e-07
3.98107170553e+03 9.99999999999e-01 -7.26925011996e-07
5.01187233627e+03 9.99999999999e-01 -9.15144370070e-07
6.30957344480e+03 9.99999999999e-01 -1.15209850294e-06
7.94328234724e+03 9.99999999998e-01 -1.45040608224e-06
1.00000000000e+04 9.99999999997e-01 -1.82595307435e-06
1.25892541179e+04 9.99999999995e-01 -2.29873872604e-06
1.58489319246e+04 9.99999999992e-01 -2.89394059728e-06
1.99526231497e+04 9.99999999987e-01 -3.64325535812e-06
2.51188643151e+04 9.99999999979e-01 -4.58658675196e-06
3.16227766017e+04 9.99999999967e-01 -5.77417061537e-06
3.98107170553e+04 9.99999999947e-01 -7.26925011958e-06
5.01187233627e+04 9.99999999916e-01 -9.15144369994e-06
6.30957344480e+04 9.99999999867e-01 -1.15209850279e-05
7.94328234724e+04 9.99999999790e-01 -1.45040608194e-05
1.00000000000e+05 9.99999999667e-01 -1.82595307375e-05
1.25892541179e+05 9.99999999472e-01 -2.29873872484e-05
1.58489319246e+05 9.99999999163e-01 -2.89394059488e-05
1.99526231497e+05 9.99999998673e-01 -3.64325535333e-05
2.51188643151e+05 9.99999997896e-01 -4.58658674240e-05
3.16227766017e+05 9.99999996666e-01 -5.77417059631e-05
3.98107170553e+05 9.99999994716e-01 -7.26925008155e-05
5.01187233627e+05 9.99999991625e-01 -9.15144362407e-05
6.30957344480e+05 9.99999986727e-01 -1.15209848765e-04
7.94328234724e+05 9.99999978963e-01 -1.45040605173e-04
1.00000000000e+06 9.99999966659e-01 -1.82595301348e-04
1.25892541179e+06 9.99999947158e-01 -2.29873860458e-04
1.58489319246e+06 9.99999916251e-01 -2.89394035494e-04
1.99526231497e+06 9.99999867267e-01 -3.64325487459e-04
2.51188643151e+06 9.99999789632e-01 -4.58658578718e-04
3.16227766017e+06 9.99999666590e-01 -5.77416869039e-04
3.98107170553e+06 9.99999471580e-01 -7.26924627875e-04
5.01187233627e+06 9.99999162511e-01 -9.15143603648e-04
6.30957344480e+06 9.99998672671e-01 -1.15209697373e-03
7.94328234724e+06 9.99997896327e-01 -1.45040303106e-03
1.00000000000e+07 9.99996665906e-01 -1.82594698646e-03
1.25892541179e+07 9.99994715828e-01 -2.29872657912e-03
1.58489319246e+07 9.99991625178e-01 -2.89391636107e-03
1.99526231497e+07 9.99986726867e-01 -3.64320700075e-03
2.51188643151e+07 9.99978963665e-01 -4.58649026708e-03
3.16227766017e+07 9.99966660065e-01 -5.77397810509e-03
3.98107170553e+07 9.99947160795e-01 -7.26886601856e-03
5.01187233627e+07 9.99916258091e-01 -9.15067734135e-03
6.30957344480e+07 9.99867284520e-01 -1.15194560164e-02
7.94328234724e+07 9.99789676465e-01 -1.45010102771e-02
1.00000000000e+08 9.99666700663e-01 -1.82534448541e-02
1.25892541179e+08 9.99471859107e-01 -2.29752466813e-02
1.58489319246e+08 9.99163211583e-01 -2.89151898133e-02
1.99526231497e+08 9.98674428512e-01 -3.63842596274e-02
2.51188643151e+08 9.97900738367e-01 -4.57695830646e-02
3.16227766017e+08 9.96676974684e-01 -5.75498290043e-02
3.98107170553e+08 9.94743576262e-01 -7.23103986108e-02
5.01187233627e+08 9.91694664112e-01 -9.07543788691e-02
6.30957344480e+08 9.86900563274e-01 -1.13700666150e-01
7.94328234724e+08 9.79396650065e-01 -1.42052285818e-01
1.00000000000e+09 9.67734712158e-01 -1.76703817283e-01
# PARAM X1 = 4.968100e-06
# PARAM X2 = 2.767400e+00
# TEMPERATURE = 2.700000e+01
# FREQ VR(VOUT) VI(VOUT)
1.00000000000e+02 9.99925380582e-01 -8.63793090760e-03
1.25892541179e+02 9.99881741353e-01 -1.08740361342e-02
1.58489319246e+02 9.99812585639e-01 -1.36886535921e-02
1.99526231497e+02 9.99703000811e-01 -1.72311050317e-02
2.51188643151e+02 9.99529369761e-01 -2.16889083566e-02
3.16227766017e+02 9.99254306605e-01 -2.72972038259e-02
3.98107170553e+02 9.98818670852e-01 -3.43501617103e-02
5.01187233627e+02 9.98129012237e-01 -4.32144324048e-02
6.30957344480e+02 9.97037925712e-01 -5.43442766468e-02
7.94328234724e+02 9.95313547889e-01 -6.82970663876e-02
1.00000000000e+03 9.92592777697e-01 -8.57458766388e-02
1.25892541179e+03 9.88310985679e-01 -1.07482004378e-01
1.58489319246e+03 9.81599958637e-01 -1.34393005177e-01
1.99526231497e+03 9.71148402298e-01 -1.67389315704e-01
2.51188643151e+03 9.55032136542e-01 -2.07233575257e-01
3.16227766017e+03 9.30557182454e-01 -2.54205650286e-01
3.98107170553e+03 8.94236315768e-01 -3.07534920504e-01
5.01187233627e+03 8.42141081965e-01 -3.64608666973e-01
6.30957344480e+03 7.70958056958e-01 -4.20216291176e-01
7.94328234724e+03 6.79878133048e-01 -4.66523158323e-01
1.00000000000e+04 5.72655733741e-01 -4.94692979892e-01
1.25892541179e+04 4.58142637017e-01 -4.98244880720e-01
1.58489319246e+04 3.47887203740e-01 -4.76300007573e-01
1.99526231497e+04 2.51833712157e-01 -4.34066231787e-01
2.51188643151e+04 1.75176803783e-01 -3.80118259492e-01
3.16227766017e+04 1.18168408255e-01 -3.22807427959e-01
3.98107170553e+04 7.79589512601e-02 -2.68106980846e-01
5.01187233627e+04 5.06458633902e-02 -2.19273482007e-01
6.30957344480e+04 3.25640167041e-02 -1.77492539337e-01
7.94328234724e+04 2.07964267971e-02 -1.42702261473e-01
1.00000000000e+05 1.32231427873e-02 -1.14229117488e-01
1.25892541179e+05 8.38415291782e-03 -9.11803646498e-02
1.58489319246e+05 5.30646163706e-03 -7.26519311647e-02
1.99526231497e+05 3.35472052819e-03 -5.78227150726e-02
2.51188643151e+05 2.11930933501e-03 -4.59871488892e-02
3.16227766017e+05 1.33824044881e-03 -3.65574829729e-02
3.98107170553e+05 8.44789854372e-04 -2.90529892519e-02
5.01187233627e+05 5.33192593143e-04 -2.30848066659e-02
6.30957344480e+05 3.36487993681e-04 -1.83405226074e-02
7.94328234724e+05 2.12335938484e-04 -1.45702042516e-02
1.00000000000e+06 1.33985419118e-04 -1.15744316070e-02
1.25892541179e+06 8.45432646002e-05 -9.19435245336e-03
1.58489319246e+06 5.33448580892e-05 -7.30356162535e-03
1.99526231497e+06 3.36589926303e-05 -5.80153942523e-03
2.51188643151e+06 2.12376524136e-05 -4.60838381385e-03
3.16227766017e+06 1.34001577950e-05 -3.66059807009e-03
3.98107170553e+06 8.45496978969e-06 -2.90773078244e-03
5.01187233627e+06 5.33474193186e-06 -2.30969986630e-03
6.30957344480e+06 3.36600122962e-06 -1.83466342953e-03
7.94328234724e+06 2.12380583555e-06 -1.45732677358e-03
1.00000000000e+07 1.34003194047e-06 -1.15759671077e-03
1.25892541179e+07 8.45503412804e-07 -9.19512206514e-04
1.58489319246e+07 5.33476754551e-07 -7.30394735710e-04
1.99526231497e+07 3.36601142662e-07 -5.80173275291e-04
2.51188643151e+07 2.12380989505e-07 -4.60848070843e-04
3.16227766017e+07 1.34003355659e-07 -3.66064663280e-04
3.98107170553e+07 8.45504056193e-08 -2.90775512158e-04
5.01187233627e+07 5.33477010689e-08 -2.30971206480e-04
6.30957344480e+07 3.36601244632e-08 -1.83466954328e-04
7.94328234724e+07 2.12381030100e-08 -1.45732983772e-04
1.00000000000e+08 1.34003371820e-08 -1.15759824648e-04
1.25892541179e+08 8.45504120532e-09 -9.19512976191e-05
1.58489319246e+08 5.33477036302e-09 -7.30395121463e-05
1.99526231497e+08 3.36601254829e-09 -5.80173468625e-05
2.51188643151e+08 2.12381034160e-09 -4.60848167739e-05
3.16227766017e+08 1.34003373436e-09 -3.66064711843e-05
3.98107170553e+08 8.45504126966e-10 -2.90775536497e-05
5.01187233627e+08 5.33477038864e-10 -2.30971218679e-05
6.30957344480e+08 3.36601255849e-10 -1.83466960441e-05
7.94328234724e+08 2.12381034566e-10 -1.45732986836e-05
1.00000000000e+09 1.34003373598e-10 -1.15759826183e-05
