7.51102064000e+04 5.65717825863e-10
4.03154512000e+04 1.21977955630e-08
1.70489924000e+04 4.90822621914e-10
2.38725019000e+04 4.88790493042e-10
4.53205071000e+04 1.09803110126e-08
1.00000000000e+05 4.88829055951e-10
5.07165124000e+04 2.13975541406e-08
4.23076971000e+04 1.23922387593e-08
6.92837617000e+04 7.59915504751e-09
7.29521032000e+04 3.05409804281e-08
6.68846398000e+04 3.75623173803e-09
9.29278358000e+04 1.04159146513e-09
5.07165124000e+04 4.88684061518e-10
6.55049519000e+04 2.05817883691e-09
5.90221809000e+04 1.20721724581e-09
6.64559787000e+04 4.88699667044e-10
8.07429473000e+04 8.07708809978e-10
1.00000000000e+05 5.82851975279e-08
6.64559787000e+04 4.88699662966e-10
2.89763940000e+04 8.71200916699e-09
7.12091056000e+04 1.17845532223e-08
9.84575141000e+04 5.78748895332e-08
1.00000000000e+05 3.67355346759e-09
5.12974411000e+04 2.20381353795e-09
1.00000000000e+05 1.43602843556e-08
7.19494365000e+04 1.55309329187e-09
6.99271212000e+04 5.48394439415e-08
9.83018850000e+04 4.12690880831e-09
7.24499989000e+04 1.68989001820e-09
5.07165124000e+04 4.93781424660e-10
5.83709016000e+04 2.07343590530e-09
2.78739861000e+04 3.80938120061e-09
4.47188701000e+04 4.88804718130e-10
3.01036590000e+04 9.79545616243e-09
5.61799271000e+04 2.68716727573e-09
8.07429473000e+04 4.88691618230e-10
6.94635856000e+04 5.25437815126e-08
2.42280972000e+04 1.34044075721e-09
1.00000000000e+05 3.32075359609e-09
2.38725019000e+04 8.14454760277e-08
7.24659565000e+04 4.72185418102e-09
2.29792978000e+04 4.94213379987e-10
4.61080380000e+04 4.88704703150e-10
5.55439318000e+04 2.05289204596e-08
1.00000000000e+05 4.88721304499e-10
2.38725019000e+04 6.42218442597e-10
5.33589123000e+04 8.74628089115e-09
8.29307408000e+04 2.11171410335e-09
5.46469973000e+04 4.88701243551e-10
1.45799740000e+04 4.16329962362e-09
